//Level 1
{{0,0,2001025,2001025,2001025,2001025,2001025,2001025,2001025,2001025,2001025,0,0},{0,0,0,0,0,0,0,0,0,0,0,0,0},{2001028,0,1000011,1000012,1000013,1000014,1000015,1000016,1000017,1000018,1000019,0,2001026},{2001028,0,1000020,1000049,1000048,1000047,1000046,1000045,1000044,1000043,1000042,0,2001026},{2001028,0,1000021,1000050,1000071,1000070,1000069,1000068,1000067,1000066,1000040,0,2001026},{2001028,0,1000022,1000051,1000072,1000085,1000084,1000083,1000082,1000065,1000041,0,2001026},{2001028,0,1000023,1000052,1000073,1000086,1,1000090,1000081,1000064,1000039,0,2001026},{2001028,0,1000024,1000053,1000074,1000087,1000088,1000089,1000080,1000063,1000038,0,2001026},{2001028,0,1000025,1000054,1000075,1000076,1000077,1000078,1000079,1000062,1000037,0,2001026},{2001028,0,1000026,1000055,1000056,1000057,1000058,1000059,1000060,1000061,1000036,0,2001026},{2001028,0,1000027,1000028,1000029,1000030,1000031,1000032,1000033,1000034,1000035,0,2001026},{0,0,0,0,0,0,0,0,0,0,0,0,0},{0,0,2001027,2001027,2001027,2001027,2001027,2001027,2001027,2001027,2001027,0,0}}

//Level 2
{{1000011,1000015,1000015,0,0,0,2001005,0},{1000011,0,0,0,2001015,2001015,2001005,0},{2001004,2001004,0,1000012,1000013,2001014,1000016,0},{0,0,2001002,0,1000019,0,2001008,2001003},{0,0,2001007,1000020,1000020,0,2001008,2001003},{2001011,2001012,1000018,0,1000017,1,2001001,0},{0,2001012,1000018,0,1000014,2001006,2001001,0},{2001009,2001009,0,0,2001013,2001013,2001010,2001010}}

//Level 3
{{2000003,0,1000003,2000089,1000059,0,2000059},{2000003,0,2000004,0,2000060,0,2000059},{2000001,0,1000001,1000085,1000057,0,2000057},{2000254,0,1000254,1,1000310,0,2000310},{2000225,0,1000225,1000309,1000281,0,2000281},{2000227,0,2000228,0,2000284,0,2000283},{2000227,0,1000227,2000313,1000283,0,2000283}}

//Level 4
{{0,2001033,0,2001032,0,2001031,0,2001030,0,2001029,0,2001028},{2001034,0,1000021,1000021,1000021,1000021,1000021,1000021,1000021,1000021,1000021,0},{0,0,1000021,2001008,2001008,2001008,0,0,0,0,1000019,2001023},{2001035,0,1000021,2001008,0,0,1000011,2001003,2001003,0,1000019,0},{0,0,1000021,2001008,0,0,1000011,1,2001003,0,1000019,2001048},{2001036,0,1000021,2001008,1000017,1000017,2001004,1000010,1000010,0,1000019,0},{0,0,1000021,0,0,0,1000016,0,0,2001009,1000019,2001047},{2001037,2001026,2001026,2001019,0,0,1000016,0,0,2001009,1000019,0},{0,0,0,2001019,2001019,0,2001009,2001009,2001009,2001009,1000019,2001046},{2001038,0,2001027,0,2001025,1000019,1000019,1000019,1000019,1000019,1000019,0},{0,0,0,0,2001025,0,0,0,0,0,0,2001045},{2001039,0,2001040,0,2001041,0,2001042,0,2001043,0,2001044,0}}

//Level 5
{{0,0,2001004,2001004,2001008,0,2001010},{2001009,0,2001013,0,0,1000102,2001006},{0,1000105,1,0,0,1000102,2001005},{0,2001007,1,1000103,0,0,2001005},{0,0,0,1000104,0,0,0},{0,2001003,2001002,2001001,2001012,2001012,1000101},{2001011,2001003,2001002,2001001,0,0,1000101}}

//Level 6
{{1000105,1000102,1000103,0,1000101,0,0},{2001004,2001004,1000107,0,2001011,0,2001007},{0,2001010,2001010,2001003,0,0,2001007},{2001002,0,0,0,0,0,0},{2001002,0,1000109,1000104,0,2001001,2001001},{2001006,0,0,0,1,1,2001009},{2001005,2001005,1000108,2001008,2001008,1000106,0}}

//Level 7
{{0,0,2000027,2000027,0,2000020,2000020,0,0,0,0,0,1000012},{1000013,0,2000027,2000027,0,2000020,2000020,0,0,0,1000011,1000011,1000012},{2000010,2000010,0,0,0,0,0,2000006,0,1000006,1000011,1000011,2000013},{2000023,0,0,0,0,0,2000014,0,2000028,2000028,1000005,1000005,2000013},{0,0,0,0,2000008,2000008,2000011,2000011,0,0,0,0,0},{2000018,0,1000010,1000010,2000008,2000008,0,0,0,1000003,0,2000017,2000017},{2000002,2000002,0,0,2000021,0,1,0,2000024,0,2000001,1000008,0},{0,2000012,2000012,1000004,0,0,1,2000022,0,0,2000001,1000008,0},{0,0,0,1000009,0,0,2000004,2000004,0,0,0,1000014,2000009},{1000007,0,2000025,0,0,0,2000004,2000004,0,2000003,0,2000026,2000026},{2000007,2000007,0,0,0,2000016,0,0,0,0,0,2000026,2000026},{2000007,2000007,2000005,2000005,0,0,0,0,0,0,2000015,0,1000002},{0,0,0,2000019,2000019,0,0,1000001,0,0,0,0,1000002}}

//Level 8
{{2001007,2001007,2001001,2001011,0,1000017,2001008},{0,1000012,0,0,2001002,0,2001008},{0,1000011,0,1000014,2001015,2001004,2001009},{2001012,1000011,1000016,1000014,0,2001004,2001009},{2001012,1000013,0,0,1,2001013,0},{0,1000015,1000015,2001010,2001010,2001013,2001005},{2001003,2001003,0,2001006,0,2001014,2001005}}

//Level 9
{{2000008,2000017,2000017,0,0,2000019,0,0,0,0,0,0,1000016},{0,2000022,1000010,1000013,2000027,2000019,0,1000011,0,2000028,2000028,2000002,1000016},{0,0,1000002,1000002,2000027,1000015,1000015,2000012,0,2000028,2000028,2000007,2000007},{2000025,0,2000020,2000018,2000018,0,0,2000012,0,0,0,1000004,1000003},{2000025,0,0,0,0,0,0,1000005,0,0,0,1000004,1000003},{0,0,0,0,2000021,2000021,0,0,1000006,1000006,2000005,2000005,0},{0,0,0,0,0,0,1,1000007,1000007,0,2000005,2000005,0},{2000006,1000009,0,0,2000001,0,1,0,0,0,2000004,2000004,0},{0,0,1000014,0,0,2000029,2000013,0,1000012,0,2000011,2000011,1000001},{0,0,0,0,2000015,0,2000013,2000014,2000014,2000026,2000026,0,0},{0,0,2000009,2000009,2000003,0,0,2000014,2000014,1000008,2000010,0,0},{2000023,2000023,0,2000024,2000003,0,0,0,0,0,2000010,0,2000016},{2000023,2000023,0,0,0,0,0,0,0,0,0,0,0}}

//Level 10
{{0,0,2000007,2000026,0,2000010,2000011,2000020,0,0},{2000003,2000018,0,0,0,0,2000011,0,1000014,1000016},{1000009,2000005,1000015,0,0,0,1000012,2000024,1000011,2000028},{2000013,2000005,2000022,1000013,1000013,1000001,1000012,0,1000011,0},{2000013,0,0,1000002,0,1000001,1000004,0,2000004,0},{2000008,2000008,2000009,2000016,1000007,1,0,0,2000004,2000006},{0,1000019,0,2000016,1000007,2000012,1000018,2000002,0,1000006},{1000010,0,0,2000027,1000003,2000012,2000023,0,2000015,1000006},{0,2000019,2000025,2000027,0,0,0,1000008,0,1000005},{2000014,2000019,0,1000017,2000017,2000017,0,2000001,2000001,2000021}}

//Level 11


