Level 1 ={{0,0,1000010,0,2000001,2000001,2000006,1000007,0,1000018},{0,2000007,2000007,2000018,2000018,0,2000006,0,2000010,1000018},{1000008,2000017,0,1000017,0,1000003,1000001,2000003,2000002,1000002},{2000013,2000013,2000008,1000006,1000006,0,0,0,2000012,2000012},{0,2000011,2000011,1000006,1000006,0,0,2000009,2000014,2000014},{0,2000011,2000011,0,1000015,1,2000015,2000009,1000016,1000016},{1000011,1000011,1000004,0,1000005,2000004,2000015,0,1000009,2000016},{0,0,1000004,0,2000020,0,0,0,1000012,0},{0,0,0,2000005,0,0,1000014,1000014,0,0},{1000013,0,2000019,0,1000019,0,1000014,1000014,0,0}}
Level 2 ={{2000018,2000014,2000019,0,2000023,0,2000009,0,2000006,0},{0,0,2000002,0,2000024,2000024,0,2000005,2000005,0},{1000009,1000009,2000007,0,2000024,2000024,0,1000008,1000008,2000015},{2000011,2000011,1000012,1000012,0,0,2000010,1000010,0,0},{2000011,2000011,0,1000013,1000013,0,2000010,1000010,0,2000017},{2000013,2000004,1000007,1000013,1000013,1,1000003,2000022,2000012,1000004},{2000013,0,1000006,1000006,0,1000014,0,0,2000008,0},{2000021,0,0,0,0,2000001,0,0,0,0},{1000002,1000002,2000016,1000005,0,0,0,0,1000011,2000020},{0,1000001,2000016,0,2000003,2000003,0,0,1000011,2000020}}
Level 3 ={{0,0,0,0,2000011,1000014,0,0,0,2000008},{1000019,0,1000005,0,0,2000006,0,0,2000007,2000007},{1000019,2000009,0,1000018,1000018,2000006,2000013,2000010,2000007,2000007},{2000002,0,1000012,1000012,1000017,0,0,0,0,1000013},{2000014,2000014,0,0,0,0,0,0,1000007,2000005},{2000012,2000012,0,0,1000009,1,1000002,1000002,1000007,0},{2000012,2000012,0,1000004,1000004,1,0,0,0,2000003},{0,0,0,1000004,1000004,2000015,2000015,1000008,0,2000003},{1000016,1000003,1000006,0,0,0,1000010,1000001,0,0},{0,1000003,2000004,0,2000001,1000011,0,0,1000015,1000015}}
Level 4 ={{2000021,2000021,1000006,1000001,1000008,2000006,0,1000007,2000003,2000015},{2000009,0,0,0,2000010,1000010,2000017,2000008,0,2000015},{0,0,2000002,0,1000005,0,2000017,2000008,0,2000005},{0,0,0,1000011,1000011,0,0,2000012,0,2000005},{2000014,2000014,0,1000011,1000011,1000003,0,2000012,2000016,0},{2000014,2000014,0,2000025,0,1,0,0,2000016,0},{1000009,1000009,2000011,2000025,1000002,2000001,2000001,0,2000024,2000022},{2000023,0,2000011,2000020,0,0,1000004,2000004,0,2000022},{2000023,2000018,2000018,2000020,2000026,2000019,0,0,2000007,2000007},{0,2000018,2000018,0,0,2000019,2000013,2000013,2000007,2000007}}
Level 5 ={{2000016,0,0,1000007,1000008,0,0,0,0,1000004},{0,0,2000002,2000002,2000012,2000007,0,2000017,0,0},{1000002,0,2000002,2000002,2000012,2000007,1000009,2000017,2000003,2000003},{1000012,1000006,1000006,1000001,1000001,0,2000015,2000015,0,0},{0,2000014,0,0,0,0,2000015,2000015,1000005,1000010},{2000004,0,0,0,1000011,1,0,0,2000009,2000009},{0,0,2000001,1000013,1000016,1,0,1000017,0,1000003},{1000015,2000013,0,0,1000016,1000019,1000019,2000010,2000008,2000008},{1000015,2000005,0,2000011,2000011,0,2000006,2000010,0,1000018},{0,2000018,0,2000011,2000011,1000014,1000014,0,0,0}}
Level 6 ={{0,2000003,0,0,1000010,0,0,0,0,0},{0,0,0,0,0,0,1000009,1000001,2000015,2000015},{0,1000004,1000004,2000002,2000002,0,0,0,2000008,0},{0,1000004,1000004,2000010,0,2000012,2000014,2000004,2000007,2000007},{0,0,1000007,0,0,0,0,2000004,0,0},{0,2000011,1000007,0,2000001,1,2000013,2000006,0,0},{0,2000011,0,1000002,1000002,0,2000013,2000006,0,0},{1000008,1000003,0,0,2000009,2000009,0,0,0,0},{0,1000003,2000005,2000005,2000009,2000009,1000005,1000005,0,0},{0,0,2000005,2000005,0,0,1000006,0,0,0}}
Level 7 ={{1000009,1000016,1000016,0,2000011,0,0,0,0,1000010},{1000012,2000016,1000013,2000008,0,2000006,2000006,2000012,2000012,1000010},{0,2000016,1000013,1000006,2000002,2000002,2000019,2000019,1000007,2000021},{2000024,0,0,2000025,2000025,2000013,2000019,2000019,0,1000008},{2000003,1000019,0,1000001,0,1000002,2000015,1000015,1000015,2000018},{0,1000019,0,1000004,0,1,1,0,2000014,1000017},{2000007,1000003,0,1000005,1000005,1000014,0,0,0,2000020},{2000007,0,0,0,0,0,0,0,0,2000004},{2000005,2000005,1000018,0,0,0,2000022,2000009,2000009,0},{2000005,2000005,0,2000023,2000010,2000010,2000017,0,2000001,1000011}}
Level 8 ={{0,0,1000007,1000007,0,2000016,2000003,0,0,0},{1000002,0,0,2000019,2000019,2000016,0,1000006,2000006,2000006},{0,2000004,0,2000019,2000019,1000003,2000012,1000006,0,2000017},{1000009,2000005,0,2000011,0,1000001,1000001,0,0,2000017},{1000009,0,0,2000011,0,1000008,1000008,0,0,2000015},{2000010,2000010,0,2000014,0,1,2000018,1000004,1000010,0},{2000010,2000010,1000005,2000007,0,0,2000018,0,0,0},{0,0,0,2000007,0,0,2000020,2000020,0,0},{0,0,0,0,2000009,2000009,0,2000013,2000013,0},{2000008,0,2000002,0,2000001,0,0,0,0,0}}
Level 9 ={{0,1000014,1000015,0,2000008,2000008,0,1000011,1000004,0},{0,0,0,2000005,2000005,0,2000007,0,2000002,0},{2000020,2000020,0,0,1000008,2000010,2000010,2000003,2000016,1000001},{2000014,1000006,0,1000012,1000012,2000010,2000010,0,1000009,1000009},{0,0,0,1000012,1000012,0,0,2000012,2000012,0},{2000017,2000017,1000010,1000016,2000018,1,0,2000012,2000012,0},{2000017,2000017,1000013,0,0,0,2000019,2000019,1000003,1000005},{2000006,0,2000011,1000007,0,2000004,2000019,2000019,0,2000013},{0,2000021,0,2000022,2000022,2000001,0,1000002,0,2000013},{2000015,0,2000009,0,0,0,0,1000002,0,0}}
Level 10 ={{0,1000012,0,1000005,1000005,0,0,0,1000015,0},{0,2000004,0,2000008,2000003,1000007,1000004,0,1000015,0},{0,1000006,1000003,2000008,0,0,0,2000012,2000014,2000014},{2000001,2000001,1000003,0,1000008,0,2000011,2000012,2000014,2000014},{1000002,2000015,0,0,1000011,0,0,2000009,2000009,0},{0,2000015,0,0,0,1,1,2000009,2000009,1000014},{2000002,0,0,0,0,0,0,2000006,1000001,1000001},{2000002,0,0,1000010,0,0,0,2000007,0,0},{2000013,0,2000005,2000005,0,2000010,2000010,1000013,0,0},{0,0,0,0,0,2000010,2000010,1000009,0,0}}
Level 11 ={{1000003,2000021,2000018,2000007,0,0,0,2000022,0,1000007},{1000003,0,1000001,0,1000006,0,2000003,2000003,1000004,1000004},{2000008,2000008,0,1000017,1000016,1000016,2000003,2000003,0,0},{2000008,2000008,2000014,1000015,2000006,1000009,0,1000002,0,2000025},{2000005,0,2000016,1000005,2000009,2000009,0,1000010,1000011,2000025},{1000012,1000012,2000016,0,0,1,0,1000010,0,2000017},{1000012,1000012,2000026,0,1000014,1000014,1000018,0,0,2000017},{2000012,2000004,2000024,0,0,2000001,2000019,2000019,2000013,2000013},{2000002,2000004,2000024,0,2000023,0,1000008,0,1000013,1000013},{2000002,0,2000015,2000020,2000020,0,0,0,2000010,2000011}}
Level 12 ={{2000003,0,2000021,2000021,0,0,2000022,2000025,2000025,0},{2000008,2000020,2000020,2000017,2000012,2000012,0,2000011,1000010,2000024},{2000015,2000004,0,2000017,1000008,2000016,2000016,0,1000010,2000024},{0,2000004,2000014,2000014,0,0,0,1000007,1000003,1000003},{1000015,2000019,0,1000001,1000009,0,0,1000007,2000002,0},{0,0,0,1000005,1000004,1,2000018,2000018,2000009,0},{2000007,0,0,0,0,1,0,0,2000005,0},{0,0,1000002,1000014,1000011,0,2000001,0,0,0},{0,2000006,2000006,2000010,2000010,0,1000016,1000012,1000006,1000013},{0,0,2000013,2000010,2000010,2000023,0,1000012,0,0}}
Level 13 ={{1000007,0,2000015,2000015,1000008,0,1000016,0,1000005,0},{2000010,0,2000015,2000015,2000012,2000006,2000013,0,2000004,0},{0,0,0,0,0,2000007,2000011,2000011,2000004,1000012},{0,0,0,0,0,2000007,2000019,1000014,1000014,0},{0,2000020,1000015,1000015,2000016,2000002,2000002,1000014,1000014,0},{0,0,2000008,0,2000001,1,0,0,2000017,2000017},{0,2000005,2000005,0,0,1000006,1000006,0,2000017,2000017},{0,0,1000002,2000009,0,1000009,0,2000014,1000013,0},{1000010,0,0,1000001,0,1000004,1000004,0,1000013,1000011},{1000010,0,1000003,2000003,2000018,2000018,0,0,0,0}}
Level 14 ={{1000013,1000013,1000005,2000022,2000022,2000004,0,2000006,0,0},{0,0,0,2000022,2000022,0,0,0,2000014,2000014},{0,2000020,0,0,0,1000012,2000012,1000011,1000007,0},{2000015,2000020,2000023,2000023,1000010,0,0,1000009,2000009,2000001},{0,1000008,1000003,2000011,0,1000006,0,0,2000009,2000001},{2000026,2000026,1000003,0,0,1,1000001,2000019,2000019,0},{2000010,0,2000007,2000007,0,0,0,0,2000013,0},{1000004,0,0,2000025,2000025,2000005,2000021,2000002,2000002,0},{2000016,0,2000017,2000017,1000014,2000005,0,1000002,0,2000024},{2000016,2000008,0,0,0,2000018,2000018,2000003,2000003,0}}
Level 15 ={{1000014,1000011,2000013,2000013,0,2000004,2000004,0,0,1000007},{0,1000011,2000013,2000013,0,0,0,2000003,0,1000007},{1000010,2000012,0,2000018,2000018,0,0,2000003,2000006,2000011},{1000010,2000012,0,0,0,0,0,0,0,2000011},{0,2000016,2000016,0,1000012,1000008,0,1000004,1000004,2000017},{2000014,2000016,2000016,0,0,1,0,1000006,1000006,2000017},{0,2000002,2000008,0,0,0,1000005,1000006,1000006,0},{0,1000009,1000013,1000013,2000019,2000019,0,1000003,2000007,0},{2000001,2000010,2000015,2000005,0,0,2000009,1000015,2000007,0},{0,0,2000015,0,0,0,0,1000001,0,1000002}}
Level 16 ={{1000012,1000014,2000018,2000018,2000009,2000009,2000005,0,1000002,0},{1000012,0,2000008,2000008,0,0,0,0,0,0},{0,0,2000008,2000008,0,1000013,1000003,1000003,0,2000019},{0,0,0,2000021,0,2000003,1000011,1000011,0,0},{2000004,2000004,2000017,2000022,0,1000008,1000008,0,2000012,0},{2000016,2000016,1000009,2000022,0,1,1000004,1000007,0,2000006},{2000016,2000016,0,1000001,1000001,1,0,1000005,0,0},{2000007,2000007,1000010,2000015,0,0,2000020,2000023,2000023,0},{2000007,2000007,2000010,2000002,2000002,2000013,2000020,2000001,2000011,2000014},{0,0,0,2000002,2000002,1000015,1000006,1000016,1000016,2000014}}
Level 17 ={{2000014,2000014,1000016,1000016,0,0,2000020,0,2000003,2000003},{2000021,2000021,1000012,2000025,0,1000018,1000018,0,2000009,2000009},{2000021,2000021,2000011,2000025,2000018,1000002,1000002,0,2000009,2000009},{0,2000017,0,1000003,2000004,0,2000024,2000024,0,1000015},{2000022,2000022,0,0,0,2000006,0,2000012,2000019,0},{2000022,2000022,2000001,0,1000007,1,0,0,2000019,2000016},{0,1000017,0,0,1000007,1000011,1000009,0,1000004,2000013},{1000013,0,2000005,2000015,0,1000008,1000008,0,1000014,2000013},{2000008,2000008,1000005,1000005,2000023,0,0,2000007,1000014,1000001},{2000008,2000008,1000005,1000005,2000010,2000002,2000002,1000006,1000006,1000010}}
Level 18 ={{2000021,2000021,2000002,2000002,2000012,2000007,2000008,2000008,0,2000014},{2000021,2000021,1000018,2000006,1000003,1000001,2000008,2000008,1000012,1000012},{1000017,0,2000004,2000004,0,1000001,0,0,1000012,1000012},{2000009,0,0,0,0,0,0,0,1000005,1000005},{0,0,0,1000004,1000004,0,2000015,0,2000016,0},{2000020,1000015,1000008,2000018,1000010,1,0,1000007,2000016,0},{1000002,1000016,0,0,0,1,0,1000006,2000017,1000011},{2000010,0,0,0,0,0,0,0,2000005,0},{0,2000003,2000011,2000011,1000014,2000019,2000019,0,2000005,1000013},{2000001,0,0,0,2000013,2000019,2000019,0,1000009,1000013}}
Level 19 ={{0,2000005,0,0,0,0,2000002,1000013,1000013,0},{0,0,0,2000013,2000006,0,0,1000013,1000013,0},{2000014,2000014,2000004,0,0,2000010,0,0,2000012,0},{2000014,2000014,1000010,0,0,1000012,0,0,2000012,0},{0,1000006,1000006,0,0,1000008,0,1000002,0,0},{2000015,1000006,1000006,0,0,1,1,1000009,0,2000003},{2000015,2000011,0,0,0,1,1,1000009,0,0},{1000011,0,0,2000009,2000009,0,0,1000004,1000004,0},{1000011,0,0,1000007,1000007,2000008,2000008,2000001,0,0},{0,1000001,1000003,0,0,0,1000005,0,2000007,2000007}}
Level 20 ={{2000011,2000017,2000017,0,0,0,0,0,2000006,0},{2000011,0,0,0,0,0,0,0,0,1000003},{1000001,0,0,2000013,2000012,2000012,2000019,2000016,2000016,0},{0,0,0,2000013,1000008,2000001,2000019,2000016,2000016,0},{0,0,2000021,2000021,1000002,2000001,1000009,0,2000020,2000020},{2000022,0,2000021,2000021,0,1,0,0,0,2000014},{2000002,1000013,0,1000011,1000011,2000004,0,0,0,2000014},{1000007,2000009,0,1000005,1000006,0,0,0,0,2000003},{2000010,0,0,0,2000023,2000007,1000010,1000012,1000012,2000003},{2000005,0,2000015,0,1000004,0,2000018,2000008,2000008,0}}
Level 21 ={{0,0,0,0,2000014,2000005,2000005,0,2000004,2000004},{2000001,2000002,0,0,2000014,0,0,0,0,0},{2000001,2000012,0,2000007,0,1000007,1000007,0,0,2000009},{0,1000009,2000013,2000013,0,0,0,2000017,0,0},{0,0,2000013,2000013,1000001,0,0,0,0,0},{0,1000005,0,1000003,1000003,1,0,0,1000011,0},{2000018,1000005,2000008,0,1000004,1,0,2000003,1000011,2000011},{1000010,0,0,0,1000004,0,1000002,2000006,2000006,2000011},{1000010,0,0,0,2000016,2000016,2000015,2000015,1000006,1000006},{0,1000008,1000008,0,2000016,2000016,0,0,2000010,2000010}}
Level 22 ={{1000006,1000004,0,2000025,2000025,2000009,2000006,1000013,2000021,2000021},{1000006,2000023,0,2000016,1000007,1000007,2000006,1000013,2000021,2000021},{0,1000015,1000014,1000002,0,2000015,0,2000019,0,1000005},{2000017,0,1000001,2000014,2000014,2000022,2000022,2000019,2000011,0},{0,1000003,0,2000014,2000014,1000012,1000012,2000018,2000011,2000004},{2000010,2000020,0,1000016,0,1,1,1000010,1000010,2000002},{1000008,2000020,1000017,0,0,0,0,0,2000008,0},{0,0,1000017,1000011,0,1000009,1000018,0,0,2000001},{2000005,2000013,2000024,1000011,0,1000009,0,0,0,2000001},{2000007,2000007,0,0,2000003,2000012,0,2000026,2000026,0}}
Level 23 ={{1000013,2000008,2000008,2000001,0,2000004,0,1000011,2000007,2000007},{1000013,2000008,2000008,2000001,0,0,2000013,2000013,2000007,2000007},{2000015,0,0,0,1000001,0,0,0,0,0},{2000015,0,0,0,0,1000012,1000012,0,1000005,2000005},{2000014,0,0,0,1000002,1000012,1000012,2000009,0,0},{2000014,0,0,1000009,0,1,1,2000003,2000003,0},{0,0,2000016,2000016,1000004,1000003,0,0,2000010,2000010},{0,0,2000016,2000016,0,1000003,0,0,2000010,2000010},{0,2000012,2000012,2000002,2000002,1000007,2000017,2000006,2000006,0},{2000011,0,0,1000010,1000006,0,1000008,0,0,0}}
Level 24 ={{0,0,0,2000006,2000013,2000012,2000012,2000009,1000010,0},{2000018,0,0,0,2000016,2000016,2000005,2000009,1000008,0},{0,0,0,1000007,1000007,0,2000005,0,2000008,0},{2000017,2000003,0,1000007,1000007,0,0,2000010,2000008,0},{0,1000004,2000027,1000003,0,1000002,1000002,0,2000024,2000024},{2000020,2000004,1000006,0,0,1,2000026,0,2000024,2000024},{2000015,2000001,2000001,0,2000007,2000007,2000021,2000021,1000005,2000019},{0,0,2000011,2000002,2000007,2000007,2000021,2000021,2000014,2000019},{0,1000009,0,0,2000023,1000001,0,0,0,2000025},{0,0,0,0,0,2000028,2000022,0,0,0}}
Level 25 ={{1000015,1000015,1000008,1000008,2000010,0,0,1000004,2000017,2000017},{1000012,0,0,2000014,0,2000006,2000006,0,2000017,2000017},{1000012,0,1000002,2000012,0,0,0,0,0,1000006},{0,0,2000003,0,0,0,1000001,1000001,2000011,0},{1000011,1000011,0,0,0,2000005,2000005,0,0,2000015},{0,0,0,2000016,0,1,1000014,1000014,0,1000005},{1000007,1000007,0,2000016,0,1,1000003,0,0,2000001},{0,2000009,2000009,0,2000007,2000007,0,0,2000008,2000008},{1000009,2000013,0,0,2000004,2000004,2000002,2000002,2000008,2000008},{1000009,0,1000013,0,2000004,2000004,2000002,2000002,1000010,1000010}}
Level 26 ={{0,0,0,2000005,2000005,2000010,2000011,2000011,0,0},{2000006,1000002,1000002,0,0,1000004,1000004,1000009,0,0},{0,1000002,1000002,2000003,0,1000004,1000004,0,2000015,0},{0,0,0,0,0,1000006,1000006,0,0,0},{0,0,2000004,0,0,0,1000008,2000012,2000012,0},{1000011,0,2000004,0,1000005,1,1000008,2000012,2000012,0},{1000011,0,2000002,2000002,0,1,0,2000007,0,0},{1000001,0,0,0,2000008,2000013,0,2000007,0,0},{0,0,2000009,1000003,1000003,0,0,0,1000007,0},{0,0,2000009,1000003,1000003,1000010,0,0,2000001,2000014}}
Level 27 ={{0,0,0,1000009,0,1000012,2000019,0,0,0},{0,2000014,1000007,1000007,2000017,1000012,0,1000010,1000010,2000009},{0,2000014,1000007,1000007,2000017,0,0,0,1000004,2000012},{1000011,0,2000016,2000004,0,0,1000005,0,1000004,2000012},{0,0,2000016,2000004,0,1000006,1000005,1000003,2000008,0},{2000015,1000001,2000020,0,0,1,1,0,2000008,2000003},{1000014,1000001,2000020,0,0,1,1,0,2000010,2000002},{2000018,0,2000013,0,0,0,1000008,0,0,2000011},{0,0,0,0,0,1000013,0,0,2000006,0},{0,1000002,0,2000007,2000007,2000001,2000005,0,0,0}}
Level 28 ={{2000001,2000011,0,2000022,1000009,2000008,2000020,2000020,0,1000011},{0,2000011,0,0,2000016,2000008,2000020,2000020,0,1000004},{1000014,0,0,1000010,2000016,0,1000013,0,1000003,1000004},{0,2000018,0,0,0,0,1000001,1000005,0,0},{0,2000018,1000012,1000012,2000006,2000006,1000001,1000002,0,2000007},{0,2000010,0,0,0,1,1,0,2000013,2000013},{0,2000005,2000017,2000017,2000014,2000015,2000015,0,1000008,1000008},{2000019,2000019,2000017,2000017,2000003,2000002,0,0,2000012,2000012},{0,1000006,1000007,0,0,0,0,2000009,2000012,2000012},{2000021,2000004,0,0,0,0,2000023,2000023,0,2000024}}
Level 29 ={{1000001,1000011,1000011,0,0,2000018,0,0,2000021,2000021},{1000001,2000009,2000008,2000008,2000013,2000013,0,0,2000021,2000021},{0,2000009,2000008,2000008,2000013,2000013,2000015,0,0,0},{0,2000007,0,0,1000013,1000014,0,2000019,1000015,1000010},{1000008,2000007,0,0,1000002,2000001,0,2000016,2000016,1000003},{1000008,2000005,2000005,1000007,0,1,0,2000012,2000022,0},{2000024,0,0,0,2000020,2000020,0,2000014,0,1000009},{2000024,0,1000005,0,2000020,2000020,2000010,0,1000012,2000004},{2000023,0,2000006,2000006,0,0,2000011,2000017,2000017,2000003},{0,0,2000006,2000006,1000004,2000002,2000002,1000006,0,2000003}}
Level 30 ={{1000015,1000015,0,0,0,2000019,2000019,0,2000023,2000023},{0,0,0,2000009,0,2000019,2000019,1000011,1000011,0},{0,2000010,0,0,1000004,1000004,0,1000012,0,2000001},{0,2000010,2000021,2000004,0,1000014,0,1000012,0,0},{0,1000001,0,2000020,1000013,1000013,1000007,1000010,1000010,2000015},{0,2000012,1000005,2000018,2000018,1,0,0,2000017,0},{0,0,1000005,2000014,2000011,2000011,0,1000002,2000007,2000007},{0,2000005,2000006,0,2000011,2000011,0,2000002,1000009,1000008},{0,0,2000022,2000022,2000003,2000013,2000016,2000016,1000009,0},{1000003,0,2000022,2000022,0,0,2000016,2000016,2000008,1000006}}
Level 31 ={{0,0,0,2000024,0,2000018,2000020,2000016,0,2000009},{2000002,2000012,1000001,1000001,1000003,2000018,0,2000021,0,0},{2000002,1000012,0,2000003,0,0,0,1000011,1000006,0},{0,1000012,2000023,2000023,0,0,2000010,2000010,0,2000013},{0,1000013,2000001,0,2000019,1000004,1000002,0,0,2000013},{2000005,0,0,1000015,1000010,1,0,1000008,0,0},{2000005,1000009,0,0,0,1,0,0,0,2000022},{2000006,1000009,0,0,0,1000014,0,2000017,2000017,0},{0,2000014,0,2000011,2000011,0,0,2000017,2000017,1000005},{1000007,2000004,2000004,2000011,2000011,2000008,2000015,2000015,2000007,0}}
Level 32 ={{0,0,2000012,1000011,2000005,2000005,0,2000016,2000003,0},{0,1000009,0,2000018,2000005,2000005,2000019,2000008,0,0},{1000001,0,0,2000004,2000004,1000012,2000019,0,2000010,2000022},{2000011,0,1000016,1000016,0,0,0,0,0,2000022},{2000013,1000013,1000006,0,0,1000007,0,0,2000006,0},{2000013,1000002,0,1000014,1000014,1,1000015,0,2000006,0},{1000010,1000010,0,0,2000007,2000007,1000015,1000004,0,2000017},{2000020,2000009,2000009,0,2000007,2000007,0,1000004,2000001,2000001},{2000020,2000002,2000002,1000017,2000021,0,0,2000014,0,0},{1000005,0,0,0,0,0,2000015,1000008,0,1000003}}
Level 33 ={{0,2000007,2000007,2000026,2000026,0,0,1000010,0,0},{1000002,0,0,2000026,2000026,2000014,0,0,0,0},{2000003,0,0,2000022,0,2000014,2000009,0,0,0},{1000005,0,0,1000011,0,0,0,2000002,0,0},{2000021,0,0,1000003,0,0,0,2000002,2000018,0},{2000010,2000023,0,1000004,0,1,1000009,0,2000015,2000015},{2000010,1000012,2000017,2000017,0,1,0,1000001,1000007,1000007},{2000013,0,2000020,2000012,0,0,0,2000011,0,2000004},{2000013,0,2000008,2000005,2000024,2000006,0,2000011,2000025,2000004},{0,2000016,2000008,0,1000006,0,2000001,2000001,2000019,1000008}}
Level 34 ={{1000002,0,0,2000005,1000014,0,1000016,1000016,2000003,0},{2000015,2000015,0,0,0,2000016,0,0,0,1000011},{2000002,1000009,0,0,0,2000016,0,0,0,1000011},{0,2000004,0,0,0,0,0,2000001,0,0},{1000003,2000011,0,0,0,0,1000012,0,1000008,2000009},{0,0,1000015,0,1000013,1,1,0,1000010,2000009},{2000017,0,0,0,1000004,1,1,1000006,1000010,0},{2000017,0,0,2000013,0,0,2000014,0,0,0},{1000007,0,1000005,2000006,0,0,2000012,0,2000010,1000001},{2000008,2000008,1000005,2000006,2000007,2000007,2000012,0,0,0}}
Level 35 ={{2000012,0,0,0,0,0,2000013,2000013,0,2000009},{0,1000011,2000003,0,2000010,2000010,1000002,1000006,0,0},{0,0,2000003,0,2000010,2000010,1000002,1000005,1000005,1000004},{1000015,0,2000018,2000004,0,0,0,0,1000010,2000015},{0,0,1000014,2000004,0,0,2000016,0,0,2000007},{2000011,2000011,2000001,1000001,0,1,2000002,0,0,2000007},{0,1000007,1000007,1000001,1000009,1000009,1000012,0,1000016,2000006},{0,1000013,0,0,1000009,1000009,0,0,0,2000006},{0,1000003,0,0,2000008,0,0,2000017,2000017,0},{0,1000003,2000005,0,1000008,2000014,2000014,2000017,2000017,0}}
Level 36 ={{2000009,1000007,2000017,2000006,0,2000019,2000019,0,2000005,0},{2000009,1000007,2000017,0,0,0,0,0,2000005,0},{0,0,0,0,1000004,0,0,1000013,1000002,0},{1000003,0,2000014,1000008,0,0,1000005,0,0,2000013},{0,0,2000014,1000008,0,0,1000009,1000009,0,2000013},{2000011,2000020,2000010,0,0,1,1,0,1000006,2000007},{0,2000020,0,2000018,2000018,1,1,1000012,1000012,0},{2000003,0,0,1000010,1000010,2000008,2000004,1000001,0,0},{2000002,2000002,0,0,0,0,0,2000016,0,2000001},{2000012,2000012,0,0,1000011,0,0,2000015,0,0}}
Level 37 ={{0,1000007,2000015,2000024,2000022,2000022,0,2000002,2000002,0},{0,1000007,0,0,0,2000005,2000014,0,0,0},{0,2000009,1000004,0,0,0,1000001,0,0,2000021},{2000004,2000004,2000010,0,0,1000006,1000006,2000007,2000007,0},{0,2000011,2000010,0,2000027,0,0,2000025,0,0},{0,0,2000020,1000010,0,1,0,2000013,0,2000017},{2000018,2000028,1000005,1000010,0,0,0,2000008,0,1000011},{2000023,2000028,0,0,1000003,0,0,2000008,0,0},{2000023,1000008,2000016,2000016,2000003,0,2000012,0,2000029,0},{1000002,1000009,2000016,2000016,2000001,2000001,2000026,2000019,2000006,2000006}}
Level 38 ={{1000012,0,1000002,0,1000007,0,2000006,2000006,0,0},{0,0,1000002,1000008,2000009,2000009,2000006,2000006,1000006,1000011},{0,2000002,2000002,1000003,2000009,2000009,0,0,1000001,0},{2000011,2000002,2000002,1000003,0,1000010,0,0,1000004,2000001},{2000003,1000013,1000013,0,0,1000010,0,1000005,0,2000001},{2000003,1000013,1000013,0,0,1,1,0,2000007,2000007},{0,2000004,0,0,2000016,0,2000014,2000014,0,2000015},{0,2000004,0,0,0,0,0,2000005,2000005,0},{0,0,2000013,2000013,0,0,2000012,1000009,1000009,0},{0,0,2000013,2000013,0,2000010,0,0,2000008,2000008}}
Level 39 ={{2000015,0,2000003,2000003,0,0,2000011,2000011,1000004,0},{1000015,1000013,2000003,2000003,0,0,2000011,2000011,1000004,2000007},{1000015,2000006,2000004,2000004,2000001,0,2000021,2000021,2000023,2000007},{1000001,0,0,2000024,0,0,0,0,2000012,2000012},{1000001,0,1000003,1000006,1000011,2000013,1000008,0,0,0},{2000009,0,1000003,1000002,1000011,1,0,2000010,2000010,2000005},{2000017,2000018,0,0,0,1,2000002,2000016,1000014,1000014},{0,0,0,1000012,0,0,0,2000020,2000020,2000008},{0,1000009,1000009,2000014,2000014,2000022,2000025,2000020,2000020,0},{2000019,2000019,0,2000014,2000014,1000010,2000025,1000007,1000005,0}}
Level 40 ={{2000001,0,2000014,2000022,1000002,1000005,0,0,0,1000006},{0,0,2000011,2000011,0,2000020,2000020,0,2000006,1000003},{1000011,2000019,0,0,1000012,1000012,0,0,0,0},{0,2000019,2000023,2000013,1000008,0,0,2000008,2000008,2000017},{0,0,1000010,2000013,1000007,1000001,0,0,0,2000017},{0,2000002,2000002,0,1000009,1,0,2000004,2000004,0},{0,0,1000004,0,1000009,1,0,0,0,2000007},{2000010,2000010,1000004,0,2000015,2000005,0,2000018,0,2000007},{2000012,2000012,2000021,2000009,2000015,1000013,2000003,2000018,0,0},{2000012,2000012,0,0,0,0,0,0,2000016,2000016}}
Level 41 ={{0,1000005,0,1000006,1000003,1000003,2000010,2000021,2000021,0},{2000002,1000008,1000008,2000014,2000027,2000027,2000010,0,0,2000005},{1000007,2000015,2000015,2000014,1000002,0,1000009,1000009,0,2000012},{0,2000022,0,2000020,2000026,0,2000008,1000013,0,0},{0,2000022,1000015,2000006,2000006,0,2000008,0,2000023,2000023},{0,2000001,2000001,2000006,2000006,1,0,0,2000013,2000025},{0,2000003,0,0,1000004,2000017,0,2000018,0,1000011},{2000011,1000012,1000001,1000016,0,2000017,2000019,2000018,2000028,2000028},{2000011,2000016,1000014,1000016,2000004,2000024,2000024,2000009,2000009,2000007},{0,0,1000014,0,0,1000010,0,2000009,2000009,0}}
Level 42 ={{0,2000010,2000010,0,2000004,0,2000011,1000001,1000001,2000016},{1000007,2000010,2000010,1000009,2000004,1000013,0,1000001,1000001,0},{2000015,2000012,2000005,0,1000012,1000012,1000015,0,0,2000017},{0,2000012,2000007,2000007,1000012,1000012,0,1000006,0,0},{2000019,0,2000007,2000007,0,1000011,1000004,1000006,2000009,0},{2000018,2000018,0,0,1000002,1,1,2000001,0,1000010},{2000018,2000018,0,2000014,0,0,1000003,1000003,0,2000006},{1000008,2000008,2000013,2000013,0,0,1000017,0,0,2000006},{0,0,2000013,2000013,1000016,2000002,1000017,0,0,0},{0,0,1000005,1000005,0,0,2000003,0,1000014,0}}
Level 43 ={{0,0,1000004,2000021,2000021,0,0,0,0,0},{0,0,0,0,0,0,0,2000001,2000017,0},{0,0,0,1000006,2000012,2000012,2000020,2000016,0,0},{0,2000024,1000009,0,1000002,0,0,2000007,2000022,2000013},{2000018,0,2000023,1000001,1000002,0,1000008,2000007,0,0},{2000002,2000015,2000015,0,0,1,1000010,0,0,0},{2000010,2000010,0,0,0,0,1000010,2000004,0,0},{2000010,2000010,0,0,0,0,1000005,0,2000009,1000007},{2000003,0,2000008,2000008,2000005,2000014,2000014,2000006,2000009,0},{2000011,0,0,0,2000005,2000014,2000014,2000006,1000003,2000019}}
Level 44 ={{1000009,1000009,0,1000006,2000010,0,2000016,1000008,1000008,0},{2000027,0,2000003,2000007,0,0,2000016,0,2000021,0},{1000005,1000005,2000018,2000011,0,2000002,2000002,2000004,2000021,0},{1000005,1000005,2000018,1000003,0,0,0,2000025,2000015,0},{2000013,2000013,0,1000003,1000007,1000007,2000009,0,1000010,0},{2000013,2000013,0,0,0,1,0,2000005,2000005,0},{2000020,2000020,0,0,2000023,2000023,2000014,1000002,1000001,2000022},{2000026,0,2000008,2000006,1000004,1000004,2000001,0,0,2000022},{2000017,2000024,2000008,2000006,2000029,2000029,0,2000028,2000028,0},{2000012,0,2000019,2000019,0,0,0,2000028,2000028,1000011}}
Level 45 ={{0,0,2000016,0,2000007,2000007,0,0,0,1000008},{0,0,0,0,1000009,1000003,2000011,1000014,1000010,1000008},{1000006,1000006,2000014,2000008,2000008,0,1000015,1000014,0,2000004},{1000006,1000006,2000020,2000008,2000008,0,1000015,0,0,0},{0,1000012,2000020,2000012,1000002,0,1000005,1000005,2000019,2000019},{2000006,0,2000015,2000015,0,1,1000005,1000005,2000019,2000019},{2000006,0,0,1000007,1000007,0,0,1000011,0,2000018},{2000005,0,2000009,0,2000017,0,1000016,1000011,1000004,2000018},{2000005,0,2000009,2000002,2000002,2000010,0,1000001,1000004,0},{2000003,0,0,0,0,2000010,2000013,2000013,2000001,1000013}}
Level 46 ={{0,0,2000012,0,2000015,2000015,0,1000009,0,0},{0,1000010,0,0,0,2000017,2000017,1000006,2000003,2000003},{1000005,0,1000011,1000011,0,1000004,0,1000006,2000003,2000003},{2000018,2000018,1000011,1000011,2000009,2000009,0,2000008,2000013,2000013},{2000018,2000018,0,2000011,2000009,2000009,0,2000007,2000013,2000013},{0,2000002,1000007,2000011,0,1,0,2000016,0,0},{0,2000002,0,0,0,1000001,2000001,2000001,0,1000003},{0,2000014,0,0,2000019,2000019,0,2000020,2000020,1000003},{2000005,2000014,2000004,2000004,1000008,2000010,2000010,2000020,2000020,0},{0,0,2000004,2000004,1000002,0,0,0,2000006,0}}
Level 47 ={{2000011,2000011,0,2000017,2000017,0,0,2000022,0,0},{2000011,2000011,0,0,1000011,0,0,2000022,0,1000009},{1000003,1000003,2000020,0,1000011,0,1000002,1000004,2000005,0},{2000025,0,2000004,0,1000008,1000008,0,1000001,2000015,0},{2000025,2000014,2000014,0,0,2000006,0,2000008,2000021,0},{1000013,0,2000003,0,0,1,0,1000006,1000006,0},{2000023,0,0,2000013,0,1,1000007,1000005,2000012,2000018},{0,0,0,2000013,2000024,2000016,1000007,0,0,2000018},{1000014,2000002,1000015,0,2000019,0,2000009,2000010,0,0},{1000014,0,2000007,2000007,0,1000010,1000012,1000012,0,2000001}}
Level 48 ={{0,1000011,1000011,2000005,2000007,2000015,2000004,2000008,2000011,1000015},{0,1000011,1000011,2000003,0,2000015,0,2000008,0,0},{2000017,2000017,0,0,1000001,0,0,0,0,2000006},{2000017,2000017,1000007,1000017,0,0,2000009,2000009,1000010,0},{0,2000012,1000014,0,0,0,0,0,2000002,2000013},{2000001,0,0,0,1000009,1,1,1000016,2000002,1000003},{2000018,1000012,1000008,0,0,0,1000013,1000013,1000006,2000016},{2000018,0,0,0,0,0,2000019,0,2000010,0},{2000014,2000014,1000002,2000020,2000020,1000004,0,1000005,1000005,0},{0,0,1000002,2000020,2000020,1000004,0,1000005,1000005,0}}
Level 49 ={{0,0,1000007,2000001,2000010,2000010,2000019,2000019,2000016,2000016},{0,1000009,0,2000001,2000010,2000010,2000019,2000019,0,2000020},{1000013,0,0,0,0,0,0,0,2000011,0},{0,2000014,1000014,1000004,2000015,0,1000008,1000002,1000015,1000012},{0,2000005,0,0,0,0,2000018,1000006,0,2000007},{0,2000022,0,2000002,2000023,1,0,1000010,1000010,2000006},{2000013,2000013,0,2000012,2000023,1,0,1000005,0,0},{2000013,2000013,0,2000004,2000004,0,0,0,2000009,2000009},{1000011,1000003,1000001,0,0,0,2000008,2000008,2000009,2000009},{0,0,0,0,2000017,2000017,2000008,2000008,2000003,2000021}}
Level 50 ={{2000016,0,2000005,2000005,2000001,0,2000011,0,2000006,2000006},{0,0,1000001,1000011,1000013,1000010,0,2000015,2000007,0},{0,0,1000005,1000005,0,0,0,2000009,0,2000012},{2000002,0,0,0,0,0,1000017,2000003,1000002,0},{2000002,0,1000007,1000018,0,0,0,0,2000010,0},{1000014,0,0,1000018,1000003,1,1,0,2000010,1000016},{0,2000019,0,1000009,0,1,1,0,2000004,2000018},{1000004,1000006,1000006,1000009,0,0,0,0,1000012,1000012},{0,0,2000013,2000013,2000017,2000017,0,1000015,1000015,1000008},{0,0,2000014,0,2000017,2000017,0,0,2000008,0}}
Level 51 ={{0,0,2000006,0,2000007,2000007,2000004,2000004,0,2000020},{2000001,0,2000006,2000017,2000007,2000007,2000004,2000004,2000014,2000014},{2000011,0,1000003,0,0,0,0,2000024,2000014,2000014},{0,1000006,1000006,2000021,2000021,0,0,2000025,1000009,0},{2000023,0,1000010,0,0,0,0,2000025,2000010,0},{2000023,0,2000003,2000013,2000013,1,2000009,2000005,0,0},{0,0,2000003,2000013,2000013,0,1000004,2000005,2000022,2000022},{2000018,0,2000008,1000002,1000002,0,2000019,2000019,0,0},{2000018,2000015,2000008,1000011,1000011,1000008,2000019,2000019,1000001,0},{1000007,0,0,1000005,0,2000012,2000002,2000016,2000016,0}}
Level 52 ={{2000017,0,0,2000006,2000006,0,0,0,2000005,0},{0,2000019,0,0,0,2000004,0,0,2000013,0},{0,2000019,0,1000006,0,2000004,0,2000012,2000001,0},{1000003,0,0,1000006,0,0,0,2000012,0,2000008},{2000018,2000018,0,0,0,1000002,0,0,0,2000011},{2000009,0,0,1000008,0,1,0,0,0,2000011},{0,0,0,2000003,1000009,1000009,0,0,2000007,2000007},{0,0,1000004,0,0,0,2000016,2000016,0,1000005},{1000001,1000001,0,0,0,1000007,0,0,2000002,1000005},{2000015,0,0,1000010,2000010,2000010,2000014,2000014,0,0}}
Level 53 ={{0,2000003,0,0,0,0,0,2000006,0,0},{2000004,2000003,2000008,2000008,2000017,2000017,1000004,1000004,0,1000014},{2000014,0,2000005,0,2000017,2000017,0,2000002,2000011,1000009},{0,2000015,1000016,0,0,0,1000005,0,0,2000019},{2000018,2000018,1000006,1000006,0,0,0,1000011,0,2000019},{2000018,2000018,0,1000007,0,1,0,2000020,2000009,1000001},{2000001,2000001,0,1000003,0,0,2000016,2000016,2000009,0},{2000007,1000013,0,1000003,1000012,2000012,2000016,2000016,1000010,0},{2000007,0,0,2000013,2000013,0,0,0,1000002,0},{0,0,0,1000015,1000015,1000008,0,0,0,2000010}}
Level 54 ={{0,0,0,0,0,0,2000013,2000013,0,0},{0,0,0,0,0,2000015,2000015,0,2000016,0},{0,0,0,0,0,0,0,0,2000017,2000017},{1000011,2000003,2000005,0,0,1000008,1000008,0,0,0},{1000011,2000003,2000005,2000008,2000008,0,0,1000005,0,2000002},{2000009,2000009,0,1000003,1000003,1,1000010,1000005,1000007,2000002},{2000009,2000009,2000007,0,1000009,1,0,0,0,0},{1000006,0,2000007,1000004,2000011,2000012,0,0,2000014,0},{0,2000004,2000006,0,2000011,2000012,0,0,0,1000002},{0,0,1000001,1000001,2000010,0,2000001,2000001,0,1000002}}
Level 55 ={{1000007,1000007,0,1000013,1000015,1000015,2000001,1000005,0,0},{1000001,0,1000012,0,2000004,1000003,1000003,2000017,2000003,2000009},{2000010,0,1000012,1000006,0,0,0,0,1000010,1000010},{0,0,1000009,2000007,2000007,0,0,0,2000014,2000014},{0,0,0,2000007,2000007,1000011,1000011,0,2000014,2000014},{0,2000011,1000004,0,0,1,0,0,2000008,0},{2000015,2000015,0,0,1000014,1,1000002,0,0,0},{2000015,2000015,2000012,2000012,1000014,2000005,1000017,2000002,0,2000006},{0,0,2000012,2000012,0,2000005,2000013,0,1000008,1000008},{0,1000016,0,0,0,0,2000013,2000016,0,0}}
Level 56 ={{0,0,0,2000010,1000011,0,0,0,2000001,2000001},{2000013,2000013,0,2000016,2000007,2000017,2000017,0,2000001,2000001},{2000013,2000013,0,2000016,1000003,0,0,0,1000002,2000006},{0,2000008,0,0,2000004,0,0,0,0,2000022},{2000012,0,0,0,1000004,1000004,0,0,1000009,0},{2000002,0,0,0,1000006,1,1,0,2000021,0},{2000005,1000005,1000005,1000007,0,1,1,0,2000020,2000020},{0,1000010,0,0,0,0,0,0,2000023,2000009},{1000008,0,2000015,2000015,0,2000018,1000001,0,2000023,0},{0,2000011,0,0,0,2000019,2000019,2000003,2000003,2000014}}
Level 57 ={{2000010,1000002,1000002,1000004,0,0,2000019,2000019,0,0},{0,0,0,1000004,0,0,2000019,2000019,1000007,1000007},{0,2000003,0,0,0,2000018,2000002,0,2000016,2000016},{1000003,1000003,0,2000008,2000021,0,1000001,0,2000012,2000012},{1000003,1000003,2000014,2000014,2000021,0,2000001,2000001,2000012,2000012},{1000008,2000005,0,0,0,1,1000005,2000009,0,0},{0,2000004,2000004,0,1000006,1000010,1000010,0,2000020,0},{0,2000004,2000004,0,0,1000009,0,0,2000007,2000007},{2000013,2000013,0,2000017,2000017,2000015,2000015,0,2000006,2000011},{2000013,2000013,0,0,0,2000015,2000015,0,0,2000011}}
Level 58 ={{2000019,2000008,2000008,1000012,0,1000001,0,0,1000008,0},{2000019,2000010,2000010,1000012,0,2000011,2000011,2000015,1000008,0},{0,2000010,2000010,1000014,0,2000011,2000011,0,1000013,2000013},{0,1000007,1000007,2000014,2000014,1000016,0,2000009,0,2000012},{1000003,0,2000002,1000004,1000004,2000018,0,2000009,2000016,1000009},{1000002,1000018,2000002,2000017,0,1,1,0,0,2000003},{1000002,1000018,1000006,2000022,0,0,2000021,1000019,0,2000003},{1000017,0,1000015,2000020,0,0,1000011,1000019,0,0},{2000023,0,0,1000005,2000007,2000007,2000004,2000004,0,1000010},{0,2000006,2000005,2000005,0,2000001,2000001,0,0,1000010}}
Level 59 ={{2000017,2000017,2000013,2000013,0,2000005,0,0,2000011,1000009},{2000017,2000017,0,0,0,1000004,1000004,0,0,1000005},{2000002,2000002,1000006,0,0,1000004,1000004,0,0,2000009},{0,0,0,0,1000010,1000010,0,0,2000012,2000012},{2000004,0,0,0,0,0,0,0,2000012,2000012},{2000015,0,0,0,0,1,1,0,1000001,0},{2000015,0,1000011,1000002,0,1,1,0,2000010,2000007},{1000003,0,1000011,2000006,0,0,0,0,2000010,0},{2000003,0,2000016,0,1000008,1000008,0,2000008,2000008,1000007},{0,0,0,0,0,2000014,2000001,2000008,2000008,0}}
Level 60 ={{0,1000002,1000002,0,0,2000007,0,2000006,0,0},{0,2000013,0,2000008,2000008,0,0,0,1000016,1000016},{2000015,1000005,0,0,0,0,1000008,1000008,0,2000014},{1000012,1000011,0,1000014,1000014,0,0,0,2000009,2000009},{0,2000012,0,1000001,0,0,0,1000009,2000009,2000009},{0,2000012,0,0,1000013,1,1,0,1000015,1000015},{2000010,2000016,1000010,0,1000013,1,1,0,2000001,1000006},{0,2000016,0,1000003,1000003,0,1000007,0,0,1000006},{0,2000002,0,1000003,1000003,1000004,1000007,2000003,2000005,2000005},{0,0,0,0,2000011,2000011,2000004,2000003,2000017,2000017}}
Level 61 ={{0,2000002,2000002,0,0,2000007,1000019,1000019,0,1000006},{2000001,2000002,2000002,1000009,2000009,0,1000014,1000014,1000011,1000001},{2000001,1000002,2000008,1000018,2000009,0,2000021,2000021,1000005,1000001},{2000017,1000013,0,2000010,2000010,2000012,2000013,2000013,0,0},{2000017,1000013,0,0,0,2000012,2000013,2000013,1000016,2000005},{2000020,0,0,2000014,0,1,1000007,0,0,2000004},{2000020,1000015,2000016,0,0,1000012,0,2000015,2000015,2000004},{0,1000015,1000003,1000017,0,2000019,2000019,1000010,0,1000004},{0,0,1000003,1000008,1000008,2000019,2000019,1000010,2000018,1000004},{0,2000006,2000006,2000011,2000011,0,0,0,2000003,0}}
Level 62 ={{0,0,0,0,2000009,0,0,2000010,0,1000008},{0,0,0,1000003,1000009,2000001,2000011,0,0,1000008},{1000005,2000006,2000006,1000003,0,0,0,2000014,0,1000010},{0,2000006,2000006,0,0,1000007,1000001,0,0,0},{2000012,0,0,1000002,0,1000007,1000001,0,2000002,2000005},{0,0,0,1000002,0,1,1,0,0,2000005},{2000008,0,0,2000015,1000012,0,0,2000003,2000016,2000016},{0,2000017,2000017,2000015,0,0,0,2000007,2000016,2000016},{2000019,2000019,0,1000006,1000011,2000004,2000004,2000013,2000018,2000018},{2000019,2000019,0,1000006,0,0,0,2000013,0,1000004}}
Level 63 ={{0,0,0,0,2000007,0,0,0,0,0},{2000013,2000013,0,0,0,0,0,0,2000015,1000009},{2000013,2000013,0,0,2000006,2000019,0,2000018,1000001,1000001},{0,0,0,0,0,1000005,1000004,2000018,0,0},{0,0,2000012,0,1000002,1000005,1000004,0,2000002,1000014},{0,2000010,0,0,0,1,1,0,2000001,1000003},{2000009,2000016,2000016,1000007,0,1000013,1000013,0,0,2000017},{2000009,2000016,2000016,1000007,2000004,2000005,2000005,2000011,0,0},{1000008,0,1000011,1000011,1000010,2000014,0,2000003,2000003,2000008},{1000012,1000012,0,0,0,1000006,0,0,0,0}}
Level 64 ={{0,1000012,0,0,0,0,0,0,0,1000011},{0,2000012,0,0,2000002,2000002,0,0,0,0},{0,0,0,0,0,2000011,0,2000014,0,1000007},{2000007,0,0,1000010,0,2000011,1000009,1000009,0,0},{0,1000004,1000004,0,0,0,1000009,1000009,0,2000001},{2000013,0,1000001,1000008,1000008,1,1,0,0,1000006},{0,0,1000013,0,1000003,1,1,2000003,2000003,0},{2000008,2000008,0,0,0,0,0,0,0,1000005},{1000014,1000014,1000002,2000009,2000009,0,2000006,0,2000005,2000004},{0,0,1000002,0,2000015,1000015,1000015,0,2000010,0}}
Level 65 ={{1000013,0,2000006,2000008,2000008,1000015,0,0,0,1000004},{1000013,0,0,0,0,0,2000007,1000007,1000008,1000008},{0,0,2000015,0,0,0,0,1000007,0,0},{2000010,0,2000015,0,0,1000002,1000009,1000009,2000009,0},{0,2000005,2000014,0,0,1000017,1000017,0,1000003,0},{1000001,0,0,1000005,0,1,1,1000010,1000006,2000004},{1000001,0,0,2000012,0,1,1,1000010,0,0},{1000011,2000001,2000001,2000011,2000011,2000013,2000013,1000012,0,2000003},{0,2000001,2000001,2000011,2000011,2000013,2000013,0,0,0},{0,1000014,1000014,2000002,0,1000016,0,0,0,0}}
Level 66 ={{0,1000001,1000001,0,2000013,2000013,2000023,2000014,2000001,0},{0,0,2000007,2000007,2000013,2000013,2000023,0,0,1000009},{0,0,2000010,2000003,0,2000006,0,0,2000019,0},{2000018,1000013,1000013,1000012,2000012,0,1000011,0,0,0},{0,2000016,2000016,0,0,0,0,0,2000022,0},{2000011,2000011,1000015,0,0,1,1,1000005,1000005,0},{2000008,2000021,1000014,0,0,1,1,1000002,0,2000004},{1000010,0,1000014,0,0,1000008,1000008,1000007,0,0},{0,1000006,1000006,2000017,2000017,2000002,0,0,0,2000009},{0,2000005,1000004,1000003,1000003,2000002,0,2000020,0,2000015}}
Level 67 ={{0,0,0,0,2000012,2000005,2000005,2000024,2000026,2000026},{2000018,0,1000008,1000008,0,2000005,2000005,1000004,2000010,2000023},{2000004,2000004,1000009,2000027,2000027,0,0,0,2000010,0},{2000004,2000004,0,2000027,2000027,1000006,2000013,0,0,2000015},{2000022,0,0,0,0,1000003,1000003,0,2000016,0},{0,2000025,0,2000009,2000009,1,0,0,2000003,2000003},{2000028,2000011,0,1000010,2000006,0,2000002,2000019,0,0},{2000028,2000001,2000021,1000010,2000006,0,2000002,2000019,2000008,2000020},{0,0,0,0,0,1000001,0,2000017,1000005,1000002},{0,1000007,0,0,0,2000007,2000014,2000017,1000005,1000002}}
Level 68 ={{0,1000006,0,0,0,0,2000005,2000005,2000003,0},{0,1000006,2000001,2000001,0,2000023,1000012,1000012,0,1000010},{2000004,0,0,1000002,1000002,2000015,2000015,2000014,2000014,0},{2000018,2000013,2000013,0,0,0,0,2000021,2000021,1000003},{2000018,1000005,1000009,1000009,2000008,2000008,0,0,0,2000009},{0,1000001,1000001,0,0,1,0,2000024,0,2000009},{2000020,1000001,1000001,0,2000017,0,0,2000024,2000010,0},{2000020,0,1000008,0,2000017,0,0,2000002,0,2000011},{1000004,0,2000019,2000007,0,0,0,1000007,2000016,0},{1000004,2000022,2000022,1000011,2000012,2000012,2000006,2000006,0,0}}
Level 69 ={{1000002,2000014,0,1000012,1000012,0,2000018,0,2000013,2000013},{2000008,2000014,0,1000012,1000012,1000004,0,2000011,2000013,2000013},{1000009,2000012,1000007,2000003,0,2000019,2000019,2000011,0,0},{1000010,2000012,2000009,2000009,2000015,0,2000005,2000022,0,0},{0,0,2000021,0,0,0,2000005,0,2000020,1000008},{2000010,0,1000006,1000006,1000011,1,2000017,2000025,2000006,2000006},{0,0,1000006,1000006,0,0,2000017,2000025,0,1000001},{0,2000016,0,1000013,0,0,2000024,1000005,2000001,2000001},{0,2000004,1000014,2000007,2000007,2000026,2000026,0,1000016,2000023},{0,2000004,1000003,0,2000002,2000026,2000026,1000015,1000015,0}}
Level 70 ={{1000002,0,1000004,2000022,2000022,2000024,2000011,2000011,0,0},{1000002,2000007,0,2000022,2000022,0,2000011,2000011,1000001,1000014},{0,0,2000026,2000026,0,0,0,2000004,1000006,2000019},{2000023,0,0,1000009,1000009,2000014,0,0,2000008,0},{2000021,0,1000008,1000008,0,1000007,0,2000005,2000018,0},{2000021,0,2000017,0,1000005,1,0,2000027,0,0},{0,2000010,0,2000016,2000003,2000002,2000002,0,2000015,0},{0,2000001,0,0,2000003,1000010,0,0,2000015,0},{2000012,2000013,2000013,0,2000020,2000020,0,1000003,2000006,0},{2000009,2000009,1000011,0,1000012,0,2000025,2000025,1000013,1000013}}
Level 71 ={{0,0,0,0,2000006,2000014,0,0,1000007,0},{0,2000008,2000007,2000007,0,2000014,1000011,1000011,1000007,1000012},{2000013,2000004,2000007,2000007,1000006,2000017,0,0,0,0},{2000013,0,0,0,0,0,2000003,2000003,2000010,0},{0,0,0,0,1000015,0,0,0,0,0},{2000011,0,1000009,1000009,0,1,1,2000012,0,1000003},{2000011,1000008,0,1000014,0,1,1,1000001,0,0},{0,1000008,0,1000014,0,0,0,2000009,1000004,2000016},{1000010,1000010,2000005,0,1000013,0,2000001,2000001,0,2000016},{1000005,0,1000002,0,2000002,0,0,0,0,2000015}}
Level 72 ={{0,2000014,0,0,2000013,2000013,0,0,0,0},{0,2000023,0,1000002,1000006,0,2000017,1000011,0,1000012},{2000022,2000023,0,2000008,1000007,0,2000011,0,1000010,1000010},{0,2000027,0,0,0,1000004,0,2000001,2000016,2000021},{0,2000027,2000025,2000025,1000001,1000001,0,2000001,2000015,2000015},{1000009,0,2000025,2000025,0,1,0,0,0,2000003},{0,0,0,0,2000026,2000020,0,0,2000002,2000002},{0,1000005,2000007,2000007,2000026,2000012,2000012,1000003,1000003,0},{2000018,2000010,0,2000004,2000004,2000012,2000012,2000019,2000019,0},{0,2000006,2000005,2000004,2000004,0,2000009,1000008,2000024,0}}
Level 73 ={{2000015,0,0,2000004,2000005,0,2000017,2000017,2000001,0},{2000015,1000003,0,0,0,1000011,2000013,2000013,0,2000011},{0,1000003,2000016,0,0,0,0,2000003,2000003,0},{0,0,2000016,0,1000009,1000013,0,1000007,0,0},{1000005,0,0,0,1000009,0,0,2000002,0,0},{2000012,0,0,0,1000010,1,1,0,2000008,0},{1000008,0,0,0,0,1,1,1000004,1000004,2000010},{2000007,1000002,0,1000006,1000012,0,1000001,0,2000018,2000010},{0,2000009,2000009,2000014,2000014,0,0,0,2000018,0},{0,2000009,2000009,0,0,0,2000006,2000006,0,0}}
Level 74 ={{0,2000011,2000011,0,2000018,2000018,1000012,0,0,2000010},{2000004,0,0,0,1000011,2000006,2000006,0,2000015,1000003},{2000017,0,0,0,1000016,2000006,2000006,2000002,0,0},{0,0,0,0,0,0,1000007,1000017,2000014,2000014},{0,2000012,1000006,1000018,1000004,1000004,1000008,1000017,0,2000001},{2000005,2000012,0,1000015,1000015,1,0,0,0,2000001},{1000013,0,0,2000019,2000019,2000009,2000009,1000009,1000009,2000003},{0,0,0,2000019,2000019,1000005,1000010,0,0,0},{0,2000008,0,0,2000007,0,0,0,2000013,1000014},{0,2000008,0,0,1000001,1000002,1000002,0,2000016,1000014}}
Level 75 ={{0,0,0,2000015,2000015,0,2000014,0,0,1000001},{0,2000010,2000002,2000015,2000015,2000018,0,1000010,2000003,2000003},{2000011,2000010,0,1000009,0,0,0,0,2000003,2000003},{1000011,2000017,0,1000008,1000008,0,0,0,2000004,2000013},{1000011,0,2000005,1000008,1000008,0,0,2000019,2000019,0},{0,2000020,0,1000007,0,1,1,2000019,2000019,0},{2000016,0,1000002,0,1000006,1000006,0,0,2000009,2000006},{0,0,1000002,0,1000005,0,0,0,0,2000008},{1000004,1000004,0,2000007,0,0,2000012,2000012,1000003,1000003},{1000004,1000004,0,0,2000001,2000001,2000012,2000012,0,0}}
Level 76 ={{0,0,2000018,2000001,0,1000006,0,0,2000012,1000002},{0,0,0,2000001,0,1000011,1000011,0,2000012,2000009},{2000015,0,0,0,1000008,1000011,1000011,1000007,1000007,0},{0,2000017,1000010,0,1000008,2000002,0,0,0,0},{1000001,2000017,0,0,0,0,0,0,2000005,2000005},{1000001,0,0,0,0,1,1,0,0,0},{0,0,2000011,0,2000014,1,1,1000003,1000003,2000007},{2000006,1000009,0,1000004,0,0,2000013,2000013,0,0},{2000006,2000016,2000016,0,0,2000010,0,0,0,2000004},{2000008,0,0,0,2000003,2000003,1000005,0,0,0}}
Level 77 ={{2000007,0,0,0,2000003,2000009,2000009,2000020,0,0},{0,1000011,2000001,2000015,2000008,0,0,0,1000009,0},{1000001,1000011,0,0,1000006,1000006,0,2000018,2000012,2000012},{1000001,2000006,0,0,1000007,1000007,0,2000018,2000012,2000012},{2000022,2000010,0,0,0,0,0,0,2000013,2000023},{2000022,1000013,1000013,1000014,0,1,0,2000016,2000011,2000011},{1000008,1000013,1000013,0,1000003,1,2000019,2000016,2000011,2000011},{1000002,1000010,1000010,0,2000021,2000021,0,2000017,2000017,0},{1000004,0,2000014,0,2000021,2000021,2000005,2000005,1000005,0},{1000012,1000012,0,2000004,0,0,0,2000002,2000002,0}}
Level 78 ={{0,0,2000022,2000022,2000006,0,0,0,0,2000001},{0,0,1000014,0,0,0,0,0,2000019,2000019},{2000004,2000004,2000016,2000007,0,0,0,0,0,0},{2000008,2000012,0,0,1000011,0,0,1000001,0,0},{0,1000008,2000018,1000007,1000010,2000017,0,0,0,1000016},{2000021,2000021,2000023,0,1000010,1,2000009,2000014,2000014,0},{2000021,2000021,2000023,0,0,0,1000006,1000006,1000012,2000011},{0,0,2000002,2000013,1000009,2000015,0,0,1000003,1000015},{2000010,0,0,1000005,2000020,0,1000013,0,1000003,0},{0,0,0,2000005,0,1000002,1000004,2000003,2000003,0}}
Level 79 ={{2000011,2000011,2000027,1000009,0,0,0,0,1000004,1000008},{2000011,2000011,1000001,2000013,2000004,0,2000020,2000020,2000028,2000028},{2000003,0,1000001,2000013,2000023,2000023,2000014,2000014,0,0},{2000024,2000025,2000025,1000002,2000006,2000001,1000006,0,2000016,2000016},{0,2000021,0,1000002,1000003,1000010,1000010,0,1000012,0},{1000007,2000021,0,0,1000003,1,1000005,1000005,0,2000009},{2000026,2000018,0,2000005,0,0,0,2000010,2000017,2000009},{2000026,0,0,1000011,0,2000015,2000019,2000019,2000012,0},{0,0,2000022,2000022,2000008,2000008,0,0,0,2000029},{0,1000013,2000022,2000022,2000007,2000007,2000002,0,0,2000029}}
Level 80 ={{0,0,0,0,1000003,1000011,1000011,0,0,0},{0,0,1000005,1000002,1000003,0,0,1000009,0,1000006},{2000011,2000011,2000005,0,2000004,2000001,0,0,0,0},{2000011,2000011,1000010,0,2000004,0,0,2000010,2000010,0},{0,0,0,2000014,2000014,0,2000015,2000010,2000010,0},{2000002,2000002,2000006,0,0,1,1,0,0,2000008},{2000002,2000002,0,0,1000008,2000007,0,0,2000009,2000008},{0,1000015,1000015,1000001,1000008,1000014,0,0,2000016,2000016},{1000007,0,0,1000001,2000012,2000012,1000012,0,0,1000013},{1000007,1000004,2000003,0,2000012,2000012,2000013,0,0,0}}
Level 81 ={{1000012,1000016,2000009,2000009,0,0,0,2000019,0,0},{0,1000016,2000009,2000009,2000003,2000004,2000004,0,2000001,0},{0,0,2000011,0,0,0,0,1000007,0,2000014},{2000016,2000016,0,0,1000006,0,0,0,1000013,2000014},{2000016,2000016,1000005,0,1000003,1000003,2000018,2000018,1000013,0},{0,0,1000005,1000015,1000015,1,1000010,2000012,0,1000009},{2000005,1000004,1000004,1000015,1000015,0,1000010,2000012,1000011,2000017},{1000002,1000014,2000015,2000015,0,2000006,2000006,1000017,0,0},{0,1000014,1000001,2000013,2000013,1000008,0,0,2000010,0},{0,2000002,2000007,2000013,2000013,2000008,0,0,2000010,0}}
Level 82 ={{0,0,0,2000020,2000020,2000019,0,1000005,2000009,2000009},{2000017,2000017,0,0,0,2000027,2000027,1000005,2000001,1000002},{2000006,0,0,1000010,1000010,0,0,0,2000018,0},{2000006,1000004,1000004,1000011,1000011,0,0,2000013,2000026,0},{1000001,1000004,1000004,0,2000005,0,0,0,2000026,0},{1000001,0,1000007,1000007,1000003,1,1,2000024,2000012,2000012},{2000011,2000011,1000007,1000007,0,0,0,2000014,2000014,0},{0,0,0,0,2000021,0,2000025,2000015,2000007,0},{1000009,0,2000003,0,0,2000002,2000025,2000016,2000004,2000004},{2000008,2000022,2000010,0,1000008,1000006,1000006,2000016,0,2000023}}
Level 83 ={{2000017,2000014,1000007,0,0,0,1000010,1000010,0,0},{2000017,0,0,0,2000002,0,0,0,0,1000002},{0,2000008,2000008,1000005,0,2000016,0,1000006,2000011,0},{0,0,2000015,2000015,0,2000016,2000006,2000019,2000019,0},{2000021,2000021,0,0,0,0,0,2000013,2000013,0},{2000009,2000009,2000004,0,0,1,0,1000001,1000001,0},{1000009,1000009,2000004,0,0,1,0,0,0,2000020},{1000009,1000009,0,0,1000011,1000008,1000008,1000003,1000003,2000020},{1000012,2000005,0,2000001,2000012,1000008,1000008,0,0,0},{0,0,2000007,1000004,0,2000018,2000010,0,2000003,2000003}}
Level 84 ={{0,0,0,2000001,2000001,0,2000002,2000002,2000015,2000015},{2000016,2000016,1000014,0,0,0,1000009,0,2000015,2000015},{0,0,0,0,1000008,1000008,1000009,1000005,0,0},{1000015,2000011,1000013,0,1000006,0,0,0,0,0},{2000004,0,0,1000010,0,1000003,0,0,2000003,2000003},{1000001,1000007,1000007,1000002,0,1,1,1000012,1000012,0},{2000017,2000017,0,2000006,2000006,1,1,2000010,0,2000008},{1000004,0,0,0,0,0,0,2000012,2000005,0},{1000004,2000009,2000009,2000014,2000014,1000011,2000013,2000007,2000007,0},{0,2000009,2000009,2000014,2000014,1000011,0,2000007,2000007,0}}
