
//3416 depth: 28 traps: 0 toolong: 0 no.: 43 thread: 1117
{{0,0,0,0,0,0,0,0,0,2000005,2000005,2000037,0,0},{0,0,2000021,2000021,2000011,0,2000028,2000028,2000006,2000002,2000002,2000037,0,2000009},{0,2000027,2000021,2000021,1,2000001,2000028,2000028,0,2000002,2000002,0,0,1000001},{2000017,0,0,0,0,0,2000035,2000035,0,0,0,0,0,0},{2000017,0,1000004,2000032,1000003,0,2000035,2000035,2000026,1000006,1000006,0,0,0},{0,2000029,1000017,2000032,2000013,0,0,0,0,0,2000003,2000003,0,0},{0,2000029,1000017,0,0,2000019,0,2000015,0,0,0,0,2000016,2000034},{0,0,0,2000025,1000015,0,2000033,2000033,0,0,2000010,0,2000016,2000034},{0,2000018,0,1000011,2000023,0,0,0,0,0,2000010,0,2000031,2000031},{0,2000018,0,1000011,2000023,0,0,1000016,1000002,1000002,0,1000013,1000009,1000007},{2000014,1000005,0,2000022,0,0,0,1000016,1000002,1000002,0,0,0,1000007},{2000014,1000005,2000020,2000022,0,2000036,0,0,0,0,0,2000004,0,0},{2000012,0,2000020,1000012,2000007,2000007,2000008,2000008,1000010,1000010,1000014,2000004,2000030,0},{2000012,0,2000024,0,0,0,2000008,2000008,0,0,1000014,1000008,1000008,0}};

//3080 depth: 28 traps: 0 toolong: 0 no.: 42 thread: 1305
{{0,1000001,1000001,2000035,2000035,2000040,0,0,0,0,2000008,2000037,2000037,0},{0,1000001,1000001,2000035,2000035,0,2000021,0,0,0,2000008,2000037,2000037,0},{0,0,2000016,0,0,0,2000021,0,2000044,2000009,0,2000033,2000033,1000002},{2000042,0,2000016,2000036,2000036,1000004,2000043,2000043,2000044,2000020,0,2000033,2000033,0},{0,0,2000013,0,2000014,2000015,2000043,2000043,2000010,2000010,0,0,0,0},{0,2000031,2000031,0,0,2000034,0,0,0,2000032,2000032,2000007,2000007,0},{2000041,2000041,2000039,0,0,0,0,2000002,0,0,0,1,0,2000027},{2000041,2000041,2000039,0,0,0,0,2000002,2000006,0,0,2000018,2000018,2000027},{2000019,2000019,0,2000017,0,2000026,2000005,0,0,1000006,1000006,0,0,0},{0,0,1000005,1000005,0,2000026,2000005,0,0,0,0,0,2000030,2000030},{0,0,2000022,0,0,0,0,0,2000001,2000003,0,0,2000030,2000030},{2000011,2000038,2000022,2000023,2000023,0,1000003,2000004,2000004,2000024,2000024,2000028,0,2000025},{2000011,2000038,0,0,2000012,2000012,1000003,0,0,0,0,2000028,0,0},{0,0,0,0,2000012,2000012,0,0,0,0,2000029,0,0,0}};

//5616 depth: 13 traps: 0 toolong: 0 no.: 41 thread: 1340
{{0,0,0,0,0,0,0,0,0,0,0,0,2000007,2000007},{0,2000009,0,0,0,0,0,0,0,0,0,0,0,0},{0,2000009,0,0,0,0,0,0,1000002,0,0,0,0,0},{0,0,0,0,0,2000003,0,0,0,0,0,0,0,0},{0,0,0,0,0,2000003,2000002,0,0,0,1000009,2000004,0,0},{0,0,0,0,0,0,0,0,0,1000007,0,2000004,0,0},{0,0,0,1000003,0,0,0,0,0,1000007,0,0,0,0},{0,0,0,0,0,0,0,0,0,1,1000010,1000010,0,0},{0,0,1000005,0,0,0,0,0,0,0,1000010,1000010,0,2000001},{0,0,0,0,0,0,0,0,1000004,1000004,0,0,0,2000001},{1000006,2000006,2000006,0,0,0,0,0,0,0,0,0,0,0},{0,0,0,0,0,0,0,0,0,0,0,0,0,0},{0,0,0,0,0,0,2000005,2000005,1000001,0,0,0,0,0},{0,0,0,0,0,0,0,0,1000001,0,0,2000008,1000008,1000008}};

//4656 depth: 12 traps: 0 toolong: 0 no.: 40 thread: 1747
{{0,0,0,1000005,1000005,0,0,0,0,0,0,0,0,0},{0,0,0,0,0,0,1000010,2000003,2000003,0,0,0,0,0},{0,0,0,0,2000008,0,1000010,0,0,0,0,0,1000008,1000002},{0,0,0,0,0,0,0,0,0,0,0,0,0,1000002},{0,0,0,0,0,1000014,0,2000004,0,0,0,0,0,0},{0,0,0,0,0,0,0,0,0,0,2000005,2000005,1000006,0},{0,0,0,2000001,2000001,0,0,1,0,0,2000005,2000005,0,0},{2000009,2000009,0,2000001,2000001,0,0,0,0,0,1000013,0,0,2000007},{0,0,0,0,0,0,0,0,0,0,0,0,0,2000007},{0,0,0,0,1000003,0,1000012,0,1000009,1000009,0,0,0,0},{0,0,0,0,1000003,0,2000006,2000006,0,0,0,0,0,0},{1000011,1000011,0,0,0,0,0,0,0,0,0,0,0,0},{1000001,1000001,0,1000007,1000007,0,0,0,0,0,0,2000002,2000002,0},{0,1000004,1000004,1000007,1000007,0,0,0,0,0,0,0,0,0}};

//4654 depth: 26 traps: 0 toolong: 0 no.: 39 thread: 924
{{0,0,0,2000022,2000022,0,2000029,0,0,0,0,0,0,0},{0,0,0,2000022,2000022,0,0,0,0,0,2000027,2000027,0,0},{0,1000004,1000003,1,2000026,0,0,0,0,0,2000027,2000027,0,0},{0,1000004,1000003,0,2000026,2000001,2000001,2000024,0,0,0,0,2000031,2000031},{0,1000007,0,0,0,2000001,2000001,2000024,0,0,2000030,2000030,2000031,2000031},{0,2000012,2000012,0,0,1000006,0,0,2000028,0,2000030,2000030,0,1000001},{2000003,2000012,2000012,0,0,0,0,0,2000028,0,0,0,1000008,0},{2000003,0,0,0,0,0,0,2000006,0,0,0,1000002,0,0},{2000011,2000011,0,0,0,0,0,2000006,0,0,0,1000002,2000016,2000016},{2000011,2000011,0,0,0,0,0,0,0,2000014,2000014,0,2000016,2000016},{0,0,1000009,2000010,0,2000013,2000013,2000008,2000008,0,2000021,2000032,1000010,0},{2000018,0,1000009,2000010,0,2000013,2000013,0,0,0,2000025,2000025,1000010,0},{2000017,1000005,2000023,2000023,0,2000004,0,0,2000020,0,2000005,2000005,0,2000009},{0,0,2000023,2000023,2000007,2000004,0,0,0,2000002,2000002,2000019,2000019,2000015}};

//4521 depth: 11 traps: 0 toolong: 0 no.: 38 thread: 193
{{0,2000005,0,0,0,0,0,0,0,0,0,0,0,0},{0,2000005,2000007,2000007,0,0,0,0,0,0,2000001,0,0,0},{0,0,0,0,0,0,0,0,2000009,2000009,0,0,0,0},{0,0,0,0,0,0,0,0,2000009,2000009,0,0,0,0},{1000003,0,0,0,0,0,2000003,0,0,0,0,0,0,2000008},{1000003,0,0,0,0,0,0,0,0,0,0,0,0,0},{2000011,0,0,0,0,0,1,0,0,0,0,2000006,0,0},{0,0,1000002,0,0,0,0,0,0,0,0,2000006,0,0},{0,0,1000002,0,0,0,0,0,0,0,0,0,0,0},{0,0,0,0,0,0,0,0,0,0,0,0,0,0},{0,0,0,0,0,0,0,0,0,0,0,1000001,0,0},{0,0,0,0,0,2000004,2000010,2000010,0,0,0,0,0,1000004},{0,0,0,0,0,0,2000010,2000010,0,0,0,0,0,1000004},{1000005,1000005,0,0,0,0,0,0,2000002,2000002,0,0,0,0}};

//3537 depth: 27 traps: 0 toolong: 0 no.: 37 thread: 22
{{0,0,0,1000033,0,0,2000006,0,0,0,0,0,0,1000014},{0,1000034,1000034,1000026,0,1000018,2000006,0,0,0,0,0,0,1000023},{0,1000034,1000034,1000026,0,1000018,0,0,0,1000035,1000035,0,0,1000023},{0,1000032,0,0,1000001,2000004,2000004,0,1000008,0,0,1000002,1000029,0},{0,1000032,0,0,0,0,1000019,1000019,1000008,0,2000005,2000005,1000029,0},{0,0,0,1000025,0,0,0,0,0,0,2000005,2000005,1000015,1000015},{0,2000010,2000010,1000037,1000037,1000013,1000010,1000011,1000016,0,0,1000017,1000015,1000015},{0,2000010,2000010,2000008,2000008,0,1000010,0,1000016,0,0,1000009,1000007,0},{0,0,0,2000008,2000008,0,0,0,0,0,0,1000009,1000007,1000027},{0,0,0,1000024,0,0,1000003,1000030,1000030,0,0,1000022,1000022,0},{2000003,2000001,0,2000007,0,0,0,1000030,1000030,0,0,1000006,0,0},{0,2000001,1000005,1,0,0,2000002,0,0,2000011,2000011,1000036,1000036,2000009},{0,0,1000005,1000012,1000028,0,2000002,0,0,0,1000004,0,0,2000009},{1000020,0,0,0,1000028,1000021,0,0,0,0,1000004,0,1000031,1000031}};

//4147 depth: 11 traps: 0 toolong: 0 no.: 36 thread: 251
{{0,0,0,0,0,0,0,0,1000002,2000010,0,0,0,0},{1000003,1000003,0,0,2000009,2000005,2000005,2000001,0,2000010,0,0,0,0},{0,0,0,0,0,2000005,2000005,0,0,0,0,0,0,0},{0,0,0,2000012,2000012,0,0,0,0,0,0,0,0,0},{0,2000004,1000001,1000001,0,0,0,0,0,0,1000004,1000004,0,0},{0,0,2000006,2000006,0,0,0,1,0,0,1000004,1000004,0,0},{0,0,0,0,0,0,0,0,0,0,0,0,0,0},{2000002,0,0,0,0,0,0,0,0,0,0,0,2000011,2000011},{2000002,0,0,0,0,0,0,2000013,0,0,0,0,2000011,2000011},{0,0,0,0,0,0,0,2000013,0,0,0,0,0,0},{0,0,0,0,0,0,0,0,2000003,2000003,0,0,0,0},{0,2000014,2000014,0,0,0,0,0,2000003,2000003,0,1000005,1000005,0},{0,0,0,0,0,0,0,2000007,0,0,0,0,0,2000008},{0,0,0,0,0,0,0,2000007,0,0,0,0,0,2000008}};

//2125 depth: 25 traps: 0 toolong: 0 no.: 35 thread: 39
{{2000044,2000044,1000040,0,0,2000016,2000016,2000025,2000025,0,2000032,0,2000018,0},{2000044,2000044,0,2000013,0,2000040,2000020,0,0,2000052,0,0,0,0},{0,1000038,2000041,2000013,1000026,2000040,2000038,2000045,2000045,2000052,1000041,2000050,2000023,1000042},{1000025,2000049,0,0,0,0,1000034,2000045,2000045,2000047,2000047,2000050,2000023,1000042},{1000025,2000049,1,0,2000026,0,0,0,0,2000047,2000047,1000033,1000036,1000036},{2000010,1000029,2000021,2000046,2000046,0,0,0,0,2000028,0,0,2000022,2000022},{2000010,1000029,0,2000011,2000035,2000035,2000048,2000048,0,0,2000051,2000051,2000022,2000022},{2000036,0,0,0,0,0,2000048,2000048,0,0,2000053,0,0,0},{2000036,2000024,2000024,2000029,2000029,2000039,0,0,2000015,0,2000033,0,2000031,1000030},{0,0,2000017,2000029,2000029,1000028,0,0,2000015,0,1000039,1000039,2000031,1000032},{2000030,2000030,2000037,0,2000019,2000019,2000027,1000037,1000037,0,1000039,1000039,0,2000012},{2000030,2000030,1000027,0,2000019,2000019,2000043,1000037,1000037,0,0,0,0,2000012},{0,0,2000014,2000014,0,0,0,2000042,2000042,1000031,2000034,2000034,0,0},{0,0,2000009,0,0,0,1000035,0,0,0,2000034,2000034,0,0}};

//2600 depth: 25 traps: 0 toolong: 0 no.: 34 thread: 57
{{2000011,2000011,0,0,2000008,2000008,2000022,2000022,0,0,2000014,2000014,2000043,2000043},{0,2000041,2000041,0,2000008,2000008,0,1000003,1000006,1000006,2000014,2000014,0,0},{0,2000041,2000041,1000005,0,2000042,0,0,0,0,1,2000024,2000024,0},{0,2000036,0,1000005,0,1000001,1000001,0,0,0,2000016,2000024,2000024,0},{0,2000036,0,2000049,2000049,1000002,0,0,0,2000023,2000047,2000047,0,0},{0,0,0,2000018,2000018,2000027,2000027,0,0,0,2000047,2000047,2000039,2000039},{2000007,2000031,2000031,0,0,2000027,2000027,0,2000034,2000034,0,2000026,2000039,2000039},{0,2000031,2000031,0,0,0,0,0,2000034,2000034,2000009,2000026,2000029,2000021},{2000010,2000010,0,0,2000012,2000032,2000032,0,2000033,2000038,2000038,0,0,2000021},{0,2000019,0,0,0,0,1000004,0,0,2000038,2000038,0,2000048,0},{0,2000019,0,0,0,2000037,0,2000044,2000044,0,2000035,2000035,2000048,0},{0,0,2000030,2000030,0,2000017,2000025,2000046,2000045,2000045,0,0,0,0},{2000040,2000040,2000030,2000030,0,0,0,0,2000045,2000045,0,2000013,2000015,0},{2000040,2000040,0,2000028,2000028,2000006,0,2000020,2000020,0,0,2000013,0,0}};

//2736 depth: 24 traps: 0 toolong: 0 no.: 33 thread: 66
{{0,0,1000018,1000018,0,1000001,1000015,0,0,0,0,0,0,0},{0,0,1000018,1000018,0,0,2000007,2000007,0,0,0,0,2000010,2000010},{1000006,1000006,1000003,0,0,0,0,0,0,0,0,0,0,0},{0,1000009,0,0,0,0,0,0,0,1000007,1000007,1000010,0,0},{0,1,1,0,0,1000002,0,0,2000008,0,1000019,0,0,0},{1000005,1,1,0,0,0,0,0,2000008,0,1000019,0,0,0},{2000014,2000014,0,0,0,2000004,0,0,0,0,0,0,0,0},{2000014,2000014,0,2000006,0,2000004,0,0,0,1000008,0,2000003,2000003,0},{2000012,2000013,0,2000006,0,0,0,0,0,2000002,0,2000005,0,0},{1000016,0,0,0,0,0,0,0,0,0,0,0,0,0},{1000017,1000017,0,0,0,2000001,0,0,0,0,0,0,0,0},{1000017,1000017,0,1000012,0,2000001,1000004,1000004,2000011,2000011,0,0,0,0},{0,0,0,0,1000014,0,1000004,1000004,2000011,2000011,1000011,0,0,0},{1000013,1000013,0,0,2000009,2000009,0,0,0,0,0,0,0,0}};

//4147 depth: 13 traps: 0 toolong: 0 no.: 32 thread: 69
{{0,2000008,0,2000010,2000010,2000003,2000004,2000004,0,0,2000014,0,0,0},{0,0,0,2000010,2000010,2000003,0,0,0,0,2000014,1000004,1000004,0},{0,0,0,2000009,2000009,0,0,0,0,0,0,0,0,2000016},{0,0,0,0,0,0,0,0,0,0,0,0,0,2000016},{0,2000013,0,0,1000002,0,0,0,0,2000024,0,2000017,2000017,0},{0,2000013,0,0,1000002,0,2000025,2000025,0,0,0,0,2000011,0},{0,2000006,2000006,0,0,0,1,0,2000022,0,0,0,0,0},{0,0,1000001,0,2000023,0,2000018,2000018,2000022,0,0,0,0,0},{0,0,1000001,0,0,0,0,0,0,0,2000020,0,2000002,0},{0,2000007,2000007,0,0,0,0,0,0,0,2000020,0,2000002,0},{0,2000007,2000007,0,0,0,0,0,0,2000019,0,0,0,0},{0,0,0,0,0,2000001,2000001,0,0,2000019,2000021,2000021,0,0},{0,0,0,2000005,0,2000001,2000001,0,0,0,0,0,0,1000003},{2000015,2000015,0,0,0,2000012,0,0,0,0,0,0,0,0}};

//2160 depth: 24 traps: 0 toolong: 0 no.: 31 thread: 93
{{1000034,2000005,2000005,0,0,0,0,2000011,2000011,2000008,2000008,0,0,0},{1000034,2000005,2000005,0,0,1000035,1000035,2000011,2000011,2000008,2000008,0,1000031,1000031},{0,2000013,2000007,0,0,0,0,0,0,0,0,1000026,1000031,1000031},{1000010,1000010,2000007,0,2000012,1000024,1000024,2000004,2000002,2000002,0,1000032,1000011,0},{1000010,1000010,0,1000005,0,1000036,1000036,2000004,0,0,0,1000008,1000011,0},{2000014,2000014,0,1000005,0,0,0,0,0,1000014,1000007,1000004,1000004,0},{2000014,2000014,0,0,0,0,0,0,1000015,1000015,0,0,0,0},{1000006,1000033,0,1,1000025,1000025,0,1000030,1000030,0,1000001,0,1000018,1000012},{1000006,1000028,1000003,1000003,0,1000022,1000022,0,0,0,1000021,1000027,1000018,0},{0,0,0,0,0,0,0,0,1000016,1000016,1000021,1000027,0,0},{1000009,0,2000009,2000009,0,0,0,0,1000016,1000016,0,2000015,2000015,0},{0,0,0,0,0,1000013,1000013,1000017,0,1000020,2000006,2000015,2000015,1000023},{0,1000002,1000019,1000019,0,2000001,0,0,0,2000003,2000003,0,0,0},{1000029,1000002,1000019,1000019,0,0,0,2000010,0,2000003,2000003,0,0,0}};

//4134 depth: 13 traps: 0 toolong: 0 no.: 30 thread: 31
{{0,2000007,2000007,0,0,0,0,1000013,1000013,0,0,0,0,0},{0,2000007,2000007,0,0,0,0,1000013,1000013,1000002,0,0,0,0},{0,0,0,2000008,2000008,0,0,0,0,1000002,0,0,1000007,1000007},{1000005,0,0,0,0,0,0,0,0,0,1000004,1000004,0,0},{1000005,0,0,1000016,1000016,0,0,1000014,0,0,1000004,1000004,0,0},{0,0,0,1000016,1000016,0,0,0,0,1000009,1000009,0,0,0},{0,2000006,2000006,0,0,0,1000011,0,0,0,0,0,1000001,0},{0,2000006,2000006,0,0,0,1000011,0,0,2000009,0,0,1000001,0},{0,2000003,2000003,0,0,0,0,0,0,1000015,0,0,0,0},{0,2000003,2000003,0,0,0,0,0,1,1000015,0,0,0,0},{0,0,0,0,0,0,0,1000010,1000003,2000002,0,0,2000004,2000004},{0,0,0,0,0,0,1000006,0,1000003,0,0,0,2000004,2000004},{1000008,0,0,0,2000001,2000001,1000006,1000012,0,0,0,0,0,0},{0,0,0,0,2000005,2000005,0,0,0,0,0,0,0,0}};

//3729 depth: 11 traps: 0 toolong: 0 no.: 29 thread: 11
{{0,0,0,0,0,0,0,0,0,0,0,0,0,2000005},{0,0,0,2000010,2000010,0,0,0,0,0,0,0,0,2000005},{2000011,2000011,0,2000010,2000010,0,0,0,0,1000001,0,0,0,0},{2000011,2000011,2000013,0,2000012,0,0,0,0,1000001,0,0,0,0},{0,0,2000004,2000004,2000012,1000002,0,0,0,0,0,0,0,0},{0,0,2000004,2000004,0,0,1000005,1000005,0,0,0,0,0,0},{0,0,0,1000004,0,0,0,0,0,0,0,0,0,0},{0,0,0,2000006,0,0,1,0,0,0,2000007,2000007,0,0},{0,0,0,2000006,0,2000009,2000009,0,2000003,0,0,0,0,0},{0,0,0,0,0,2000009,2000009,0,1000006,0,0,0,0,2000002},{0,0,0,0,0,0,2000015,0,1000006,0,0,0,0,0},{0,0,0,0,0,2000014,0,0,0,2000016,0,0,0,0},{0,0,0,0,2000001,2000001,0,0,0,2000016,0,0,0,2000008},{0,0,0,0,2000001,2000001,0,0,0,0,0,0,1000003,0}};

//2323 depth: 23 traps: 0 toolong: 0 no.: 28 thread: 29
{{1000035,0,0,1000038,0,0,1000037,1000037,0,0,1000030,0,1000039,1000039},{1000035,0,0,1000038,0,0,0,1000027,1000027,0,1000030,1000021,0,0},{0,0,0,0,0,1000032,1000032,0,0,2000006,2000006,1000021,1000017,1000017},{2000004,2000004,1000012,2000009,0,1000032,1000032,1000019,0,0,0,0,1000028,0},{2000004,2000004,0,2000009,0,0,0,0,0,0,0,0,1000023,1000023},{2000016,2000016,0,0,0,0,0,0,0,0,1000009,0,0,0},{2000016,2000016,1000025,1000025,0,0,0,0,2000005,1000008,1000009,0,2000010,0},{0,0,0,1000024,0,0,0,0,2000005,1000033,1000033,0,2000007,0},{0,1000014,2000011,2000011,0,2000013,0,1000013,1000018,1000033,1000033,0,2000007,0},{0,0,0,1000020,1000016,2000013,0,0,0,0,0,0,0,1000034},{1000036,0,1000029,0,0,0,0,0,2000003,2000003,0,1,0,0},{1000036,1000022,1000029,1000031,1000031,0,0,2000008,0,0,2000002,1,2000015,2000015},{2000001,1000022,1000010,2000014,2000014,0,1000026,1000026,2000012,2000012,0,1000015,1000015,0},{2000001,0,1000010,2000014,2000014,1000011,1000026,1000026,2000012,2000012,0,1000015,1000015,0}};

//3712 depth: 16 traps: 0 toolong: 0 no.: 27 thread: 20
{{0,0,0,0,0,0,0,2000027,2000027,2000007,2000007,0,0,2000005},{0,2000011,2000011,2000014,2000014,0,2000020,0,0,2000007,2000007,0,0,2000005},{1000002,1000002,0,2000014,2000014,0,0,0,0,0,0,0,0,0},{0,0,0,0,0,2000004,0,0,2000021,2000021,0,0,0,0},{0,0,2000026,0,0,0,0,1000001,2000001,0,0,0,0,0},{0,0,0,0,0,0,2000025,0,2000001,0,2000015,2000015,0,0},{2000023,2000023,0,0,1000006,0,2000025,0,2000013,0,2000015,2000015,0,0},{2000006,0,0,0,0,0,0,0,0,0,0,2000019,2000019,0},{2000006,0,2000022,2000022,0,1000004,0,2000012,0,0,0,2000019,2000019,0},{0,0,2000022,2000022,2000008,1000004,0,0,2000024,0,0,0,0,0},{0,0,0,0,1000005,2000018,0,1,2000024,0,0,2000010,2000010,0},{1000003,2000016,2000016,0,0,0,2000003,2000028,2000028,0,0,0,2000017,2000017},{0,2000016,2000016,0,0,0,2000003,0,0,2000009,2000009,0,2000017,2000017},{0,0,0,0,0,0,0,0,2000002,0,0,0,0,0}};

//3168 depth: 12 traps: 0 toolong: 0 no.: 26 thread: 0
{{1000006,1000006,0,0,0,0,1000004,0,0,0,0,0,0,1000009},{0,0,0,1000017,1000017,2000009,2000009,0,0,1000003,1000003,0,0,0},{0,0,2000018,1000017,1000017,2000009,2000009,1000013,1000013,1000008,0,0,0,0},{0,2000003,0,1000012,0,0,1000010,0,0,2000004,0,0,0,0},{2000008,0,0,1000012,0,0,0,0,1,2000004,0,2000010,2000001,1000005},{0,0,0,0,0,0,0,0,0,0,0,2000002,2000001,0},{0,0,1000011,0,2000019,2000019,0,0,0,0,0,2000002,0,0},{0,0,2000014,0,2000019,2000019,0,0,0,0,1000016,0,0,0},{0,0,2000014,0,0,0,0,0,0,2000017,1000016,0,0,0},{0,1000001,0,1000014,1000014,2000015,2000015,0,0,0,2000013,0,0,0},{0,1000001,0,0,0,0,0,0,0,0,2000011,2000011,0,0},{0,0,1000007,1000007,2000016,0,1000002,0,0,0,2000011,2000011,0,1000015},{2000006,2000006,0,2000012,2000012,0,1000002,0,0,0,2000007,2000007,0,0},{0,0,0,0,0,2000005,2000005,0,0,0,0,0,0,0}};

//2976 depth: 16 traps: 0 toolong: 0 no.: 25 thread: 43
{{0,0,0,0,0,2000003,0,0,0,2000014,2000014,0,0,0},{0,2000031,2000031,0,2000019,0,0,0,2000022,2000029,2000029,0,1000007,0},{0,2000031,2000031,0,0,2000005,2000005,0,2000022,0,1000005,2000026,1000007,0},{1000010,0,2000009,2000009,0,0,1000001,2000013,0,2000025,1000005,1000002,1000002,0},{1000010,1000003,0,0,2000017,0,0,2000013,0,0,0,0,0,0},{0,1000003,0,0,0,0,0,0,2000010,2000010,2000028,2000028,2000023,2000023},{1000004,1000004,0,0,0,0,2000007,2000007,2000010,2000010,2000028,2000028,0,0},{0,2000004,0,0,2000012,0,0,0,0,0,0,0,0,0},{0,2000004,0,0,0,0,0,2000021,2000021,0,0,0,0,0},{1000009,1000009,0,2000016,2000016,0,0,2000027,2000027,1000006,0,0,0,0},{1000009,1000009,0,2000016,2000016,0,0,0,2000015,1000008,0,2000006,2000006,0},{0,2000018,0,2000024,2000024,2000002,2000002,1,2000015,1000008,2000030,0,0,0},{0,0,0,2000024,2000024,2000002,2000002,0,0,2000020,0,0,0,2000008},{0,0,0,0,2000001,0,0,2000011,2000011,2000020,0,0,0,0}};

//2912 depth: 13 traps: 0 toolong: 0 no.: 24 thread: 8
{{0,0,0,0,0,0,2000001,0,0,0,2000007,0,0,0},{0,0,0,0,2000006,2000006,2000001,2000015,2000015,0,0,0,0,0},{0,0,0,0,0,0,0,2000015,2000015,0,0,1000008,0,0},{0,1000003,1000003,0,0,0,0,0,0,2000017,2000021,2000021,0,2000018},{1000007,0,0,0,0,0,0,0,1,2000017,0,0,0,0},{1000007,2000005,0,0,0,0,0,0,0,1000001,0,0,0,0},{1000002,1000002,1000004,0,1000005,0,0,0,0,1000001,2000003,2000009,0,1000009},{0,0,0,0,1000005,0,0,0,0,0,2000003,2000009,0,0},{0,0,0,2000010,2000010,0,0,0,0,0,0,0,2000008,0},{2000020,0,0,2000010,2000010,0,0,0,0,0,0,2000019,2000019,0},{2000020,0,1000010,1000010,0,0,0,0,2000011,0,0,2000019,2000019,0},{0,0,0,0,2000004,1000006,1000006,0,2000011,2000014,2000022,2000022,0,0},{0,2000016,2000002,2000002,0,0,0,2000012,2000012,0,0,0,2000013,2000013},{0,0,2000002,2000002,0,0,0,0,0,0,0,0,2000013,2000013}};

//2772 depth: 22 traps: 0 toolong: 0 no.: 23 thread: 31
{{2000008,2000008,2000031,2000037,2000037,0,0,1000001,2000035,2000035,2000015,0,0,0},{0,0,2000031,2000037,2000037,2000038,2000038,0,0,1000008,2000015,2000020,0,0},{0,0,1000006,1000006,0,2000019,0,1,2000007,0,0,2000020,0,0},{2000045,2000045,1000006,1000006,2000027,0,0,2000034,2000034,2000021,0,0,0,2000044},{0,0,2000030,0,2000027,1000007,0,2000034,2000034,2000021,0,2000012,2000014,2000048},{2000010,2000010,2000030,2000009,2000009,1000007,0,0,2000040,2000040,0,0,2000014,2000048},{2000010,2000010,0,2000009,2000009,2000028,0,0,2000040,2000040,0,2000029,0,0},{0,0,2000022,0,2000011,2000028,0,0,0,0,0,2000025,2000025,0},{0,0,2000022,2000013,2000005,2000005,0,2000032,2000041,2000041,0,2000025,2000025,0},{2000047,0,0,2000013,0,0,0,0,0,2000043,2000006,0,2000039,2000039},{2000047,0,2000026,2000026,1000002,2000024,2000042,2000042,0,0,2000016,2000016,2000017,2000017},{1000009,1000009,2000026,2000026,0,2000036,0,0,0,0,2000016,2000016,2000017,2000017},{0,0,0,0,0,2000036,0,2000033,2000033,2000046,1000004,0,2000023,2000023},{0,0,0,2000018,2000018,0,1000005,0,0,0,1000004,0,1000003,1000003}};

//2184 depth: 12 traps: 0 toolong: 0 no.: 22 thread: 18
{{0,0,0,0,0,0,1000036,1000036,1000029,1000029,0,0,0,0},{2000005,2000005,1000034,0,1000035,0,1000032,1000032,1000025,1000025,0,0,0,1000023},{2000005,2000005,1000034,0,1000035,1000037,1000037,0,0,0,1000027,1000027,0,1000033},{0,0,0,1000019,0,1000037,1000037,0,0,1000006,1000027,1000027,2000009,2000004},{0,0,2000010,1000019,0,0,0,0,1000004,0,1000007,0,1000014,0},{1000002,0,0,2000002,1000030,0,0,0,1000004,0,1000007,0,0,0},{1000040,1000040,1000026,1000026,1000030,1000031,1000031,1,0,0,0,1000038,1000038,1000020},{1000008,1000039,1000011,1000011,1000013,1000031,1000031,0,0,1000016,0,1000005,0,0},{1000008,1000039,0,2000007,1000013,0,0,0,0,1000016,0,0,0,0},{0,0,0,0,0,1000001,0,0,1000012,2000001,0,0,0,0},{0,1000018,0,0,0,0,0,1000028,1000021,2000001,0,1000003,1000003,0},{1000009,0,0,0,0,0,1000015,0,1000021,0,0,0,1000024,0},{0,1000010,2000003,0,0,2000008,1000015,0,0,0,0,2000006,1000024,0},{0,0,1000022,0,1000017,1000017,0,0,0,0,0,2000006,0,0}};

//1950 depth: 13 traps: 0 toolong: 0 no.: 21 thread: 8
{{1000003,0,0,0,0,0,0,0,0,0,0,0,0,0},{0,0,0,1000008,1000008,0,0,0,0,0,0,0,0,0},{0,2000007,2000007,0,0,2000011,2000011,0,2000012,2000012,0,2000013,2000013,2000016},{0,2000007,2000007,0,0,0,2000004,2000004,2000012,2000012,0,2000013,2000013,2000016},{0,0,0,2000003,0,0,2000004,2000004,0,0,0,0,0,0},{0,0,0,0,1000012,1000012,0,0,0,2000019,2000019,1000009,1000009,0},{2000001,2000001,0,2000006,2000014,0,0,0,0,2000019,2000019,0,1000010,1000010},{0,0,2000018,0,0,2000010,2000010,0,0,0,1000011,0,1000010,1000010},{0,0,1000001,1,0,0,0,0,0,0,0,0,0,0},{0,0,1000001,1000007,1000007,1000006,0,1000004,0,0,2000015,2000015,0,0},{0,0,2000005,2000005,0,0,0,1000004,0,0,0,0,0,0},{0,0,2000005,2000005,0,0,2000009,0,2000017,0,0,0,2000002,2000002},{0,0,0,0,0,0,0,0,0,1000005,0,0,2000002,2000002},{0,0,0,0,0,0,0,0,0,2000008,0,0,1000002,0}};

//1932 depth: 14 traps: 0 toolong: 0 no.: 20 thread: 12
{{0,1000009,1000009,0,0,0,0,0,0,0,0,1000003,0,0},{0,0,0,0,0,0,0,0,0,0,0,2000003,0,0},{0,0,0,2000021,0,0,0,1000007,0,0,2000016,2000008,2000008,1000005},{0,1000001,0,0,0,2000012,2000012,0,2000006,2000006,0,2000008,2000008,0},{2000020,2000020,0,2000023,2000023,2000012,2000012,0,0,0,0,0,0,0},{2000020,2000020,0,2000023,2000023,0,0,0,0,0,0,0,0,0},{0,0,0,0,0,0,0,0,0,2000019,1000004,1000004,0,0},{0,0,0,0,0,2000005,0,0,2000007,2000007,0,0,0,2000022},{0,0,0,0,0,2000005,0,1000006,0,1,2000014,2000014,0,2000022},{0,0,2000015,0,0,0,0,1000006,0,0,2000014,2000014,0,0},{2000013,2000013,2000015,0,0,0,0,0,0,2000010,2000001,0,0,2000002},{2000018,0,2000009,2000009,0,0,0,2000011,2000011,0,0,1000002,0,2000002},{2000004,0,2000009,2000009,0,0,0,2000011,2000011,0,0,1000002,0,0},{0,0,0,0,0,1000008,1000008,0,0,0,2000017,2000017,0,0}};

//1898 depth: 13 traps: 0 toolong: 0 no.: 19 thread: 63
{{0,0,2000006,2000006,2000014,0,2000010,0,0,0,0,0,2000012,2000012},{1000011,1000011,2000006,2000006,2000014,0,0,1000010,1000010,1000015,0,0,2000012,2000012},{2000002,2000002,2000003,2000003,0,0,2000004,2000004,0,0,0,0,0,0},{1000008,2000017,2000017,0,2000018,2000018,2000004,2000004,0,0,0,0,0,0},{0,0,2000016,2000016,0,0,2000007,0,0,0,2000019,2000019,0,0},{2000001,2000001,2000016,2000016,0,0,0,0,0,0,2000019,2000019,1000014,0},{0,0,0,1000007,1000007,0,0,1,0,0,2000005,0,1000005,1000005},{0,0,0,0,0,0,0,1,0,0,0,0,0,0},{0,1000018,0,0,0,0,0,0,2000013,0,1000003,1000003,0,1000006},{0,1000018,0,0,0,0,0,0,2000013,0,1000003,1000003,1000004,2000015},{0,0,2000011,2000011,1000016,1000002,0,1000012,1000012,0,0,0,1000004,2000015},{1000017,1000017,0,0,1000016,0,1000013,0,0,2000008,2000008,0,0,0},{0,0,0,0,0,0,0,0,1000009,2000008,2000008,0,0,0},{0,0,0,0,2000009,2000009,0,0,1000001,0,0,0,0,0}};

//1501 depth: 19 traps: 0 toolong: 0 no.: 18 thread: 27
{{0,0,0,1000026,1000026,2000013,2000013,2000002,2000002,0,0,0,0,0},{2000020,0,0,1000021,2000015,2000013,2000013,2000002,2000002,0,0,0,0,2000003},{0,1000025,0,0,2000015,0,1000010,0,0,2000011,0,0,0,0},{2000010,1000025,0,1000023,2000006,1000001,1000001,0,1,2000011,0,1000007,1000011,0},{2000010,2000014,2000014,1000023,2000006,0,0,0,2000022,2000022,2000001,2000021,1000011,1000015},{1000014,0,0,0,1000003,0,1000005,1000005,2000022,2000022,0,0,0,1000015},{1000014,1000008,1000008,0,1000003,0,0,1000002,1000002,0,0,0,0,0},{0,0,2000019,2000019,0,1000022,0,0,2000009,0,0,2000005,2000016,0},{0,0,2000019,2000019,1000020,0,0,1000009,2000009,0,0,2000005,2000016,0},{0,0,0,2000017,1000020,0,1000004,1000004,0,0,0,1000013,0,2000008},{0,0,0,0,0,0,0,1000019,1000019,1000016,1000017,1000013,0,2000008},{2000007,0,1000006,0,1000028,0,0,1000019,1000019,2000012,1000017,1000024,0,0},{2000007,0,0,0,0,0,2000004,0,0,2000012,0,1000024,2000018,2000018},{0,0,0,1000027,1000027,0,0,0,1000012,1000012,0,0,1000018,0}};

//992 depth: 16 traps: 0 toolong: 0 no.: 17 thread: 45
{{0,1000024,1000024,0,0,0,0,0,0,0,0,0,0,0},{2000007,2000007,1000028,1000028,1000007,1000007,0,0,0,0,0,2000009,0,0},{1000006,1000006,0,0,0,2000023,2000023,2000020,0,2000004,2000004,2000009,0,0},{2000005,0,1000021,1000008,1000008,2000023,2000023,2000020,0,0,0,0,0,0},{2000005,0,1000021,2000017,2000017,2000011,0,1000004,0,0,2000006,1000012,2000013,2000013},{0,0,0,0,2000018,0,0,0,1000030,1000030,0,2000016,1000032,1000032},{1000019,0,0,0,2000018,0,0,2000015,1000030,1000030,1000025,0,0,0},{0,1000031,1000031,1000011,0,0,1000003,0,1000027,1000027,1000025,1000017,0,2000019},{1000022,2000012,0,0,0,1000026,1000026,1,1000002,0,0,1000017,0,2000019},{1000022,2000012,0,0,0,1000026,1000026,0,0,2000001,2000001,0,0,1000023},{2000002,2000002,0,2000008,1000016,2000014,2000003,0,0,0,0,0,1000018,1000018},{0,0,0,2000008,2000021,2000021,1000009,0,2000010,0,0,0,1000018,1000018},{0,0,1000029,1000014,1000001,0,1000013,2000022,0,2000024,0,1000015,0,0},{1000010,1000010,1000029,0,1000001,0,1000013,2000022,0,0,1000020,0,0,1000005}};

//1694 depth: 14 traps: 0 toolong: 0 no.: 16 thread: 4
{{0,0,0,0,0,0,0,0,0,0,2000020,2000019,2000017,2000017},{2000001,2000016,2000016,0,0,0,1000004,0,0,0,0,0,0,0},{2000001,0,0,2000015,2000015,0,1000004,1000006,1000006,0,0,0,1000005,0},{1000001,1000001,0,0,0,0,2000013,0,0,0,0,2000025,1000005,0},{1000001,1000001,2000011,0,0,0,0,0,0,2000023,2000022,2000025,0,2000004},{0,2000024,2000024,0,0,0,0,1000003,0,2000023,2000022,0,0,2000004},{0,2000024,2000024,0,0,0,0,1000003,0,0,0,0,0,0},{2000009,2000009,2000008,2000008,0,0,0,0,0,0,0,0,2000007,2000007},{0,0,2000002,0,2000012,0,0,0,0,0,0,0,2000003,2000003},{0,0,2000002,0,2000012,0,0,0,0,0,2000010,2000010,0,1000009},{0,0,0,0,1000008,1000008,1,1,2000014,0,0,0,1000007,1000009},{0,0,0,0,0,0,2000006,0,2000014,0,0,0,1000007,0},{0,2000005,0,0,0,0,2000006,0,0,2000021,0,0,0,0},{0,2000005,0,1000002,1000002,0,0,0,0,0,2000018,0,0,0}};

//1331 depth: 11 traps: 0 toolong: 0 no.: 15 thread: 4
{{2000013,2000013,0,1000007,1000007,1000008,0,0,0,0,0,0,0,2000017},{1000004,0,0,1000007,1000007,0,0,0,0,0,0,2000016,2000004,2000017},{1000004,0,0,0,0,0,0,0,0,2000021,2000021,2000016,2000004,0},{0,0,0,0,0,0,0,0,0,0,0,0,0,0},{0,0,2000006,0,2000011,2000011,0,2000005,2000005,0,0,0,0,1000003},{0,2000001,2000006,0,2000011,2000011,0,0,0,0,0,0,1000001,1000003},{0,2000001,0,0,0,0,0,1000005,0,2000009,2000009,1000012,0,2000020},{1000014,0,2000003,2000003,0,0,0,0,0,0,1000011,1000011,0,2000020},{1000010,0,2000003,2000003,2000014,0,0,1000015,0,0,0,1000016,0,0},{0,0,0,0,2000014,1,1,0,0,0,0,1000016,0,0},{2000010,0,0,0,2000012,0,0,0,0,0,0,0,1000002,0},{0,0,0,0,0,0,0,0,0,0,0,0,1000006,0},{2000018,2000018,2000015,2000015,1000013,0,0,0,2000007,2000007,0,0,0,0},{2000018,2000018,2000015,2000015,1000013,0,1000009,2000008,2000008,2000019,2000019,2000002,0,0}};

//756 depth: 12 traps: 0 toolong: 0 no.: 14 thread: 13
{{0,0,1000004,0,0,0,2000004,2000004,0,0,0,0,2000022,0},{0,2000047,2000047,2000027,2000014,0,2000004,2000004,0,0,2000031,2000031,2000022,0},{2000002,0,1000001,2000027,0,2000044,0,2000006,2000038,2000038,0,0,2000017,0},{2000002,2000021,1000001,0,0,2000042,0,2000006,0,2000026,2000026,2000028,2000028,2000001},{0,2000021,2000029,2000043,2000016,2000016,0,0,0,0,2000015,2000015,0,0},{0,1000007,0,2000043,0,0,1000006,1000006,0,0,2000015,2000015,0,0},{2000040,1000007,2000037,0,0,2000013,0,0,2000041,2000041,2000008,0,0,0},{2000045,0,2000037,2000005,0,0,2000010,0,0,0,2000008,0,0,0},{2000034,2000034,0,2000005,1000005,2000025,2000010,1,0,2000030,2000035,2000035,0,2000033},{2000034,2000034,0,0,1000005,0,2000032,0,2000023,0,2000012,0,2000018,2000033},{0,2000011,2000011,0,2000046,0,0,0,2000023,2000009,2000009,0,2000018,0},{0,2000011,2000011,2000003,2000046,0,0,1000002,1000002,2000036,0,2000019,0,0},{1000003,0,2000024,2000024,0,0,0,0,0,2000036,2000020,2000019,0,0},{0,0,2000007,2000007,0,1000008,1000008,2000039,0,0,0,0,0,0}};

//384 depth: 12 traps: 0 toolong: 0 no.: 13 thread: 40
{{1000015,0,2000014,2000003,0,1000009,0,2000041,0,0,2000022,2000022,0,0},{0,0,2000014,2000003,0,0,2000007,2000007,0,0,2000022,2000022,0,1000010},{1000030,0,2000028,2000028,2000011,0,2000007,2000007,2000029,2000029,1000007,0,2000030,0},{1000024,2000023,2000035,2000035,0,0,0,0,1000014,2000024,2000033,2000033,2000030,2000015},{2000005,2000006,2000035,2000035,0,2000043,1000022,1000025,1000025,0,2000033,2000033,0,2000009},{0,0,0,0,0,2000018,0,1000025,1000025,0,0,0,0,2000021},{0,2000042,1000006,2000027,0,2000020,2000020,1,0,1000028,0,0,1000029,1000029},{0,0,1000031,0,0,2000039,2000039,0,1000032,1000032,0,1000023,2000008,2000008},{2000037,1000021,1000013,2000034,2000034,2000039,2000039,0,2000031,2000017,2000017,1000023,2000036,1000016},{1000018,1000011,0,0,0,1000027,1000027,0,2000025,0,0,1000026,1000026,1000016},{0,0,0,0,2000040,2000040,0,0,2000025,2000001,2000019,2000019,2000012,0},{2000002,1000012,1000012,0,2000032,2000032,0,0,0,2000026,2000019,2000019,2000012,2000004},{2000002,2000013,2000013,1000019,2000032,2000032,1000020,1000020,0,2000026,2000038,2000038,0,2000016},{0,2000044,2000044,1000019,1000017,1000008,1000020,1000020,0,2000045,2000045,0,2000010,0}};

//396 depth: 12 traps: 0 toolong: 0 no.: 12 thread: 6
{{1000007,0,0,0,1000033,1000033,0,2000001,0,0,0,2000002,1000016,1000016},{1000026,0,0,1000045,0,0,0,1000040,1000040,0,0,0,2000004,1000017},{1000026,0,1000022,1000015,2000010,0,0,0,0,2000003,1000037,1000018,2000008,2000008},{1000010,1000010,0,1000046,2000024,0,0,0,2000015,1000042,1000042,1000018,1000021,0},{1000010,1000010,0,1000046,2000005,1000023,1000023,0,1000014,1000014,1000025,1000035,1000021,0},{2000017,2000017,1000028,1000028,1000043,1000043,0,0,1000030,1000038,1000025,1000035,0,1000011},{0,2000025,2000019,2000011,0,0,1,0,1000030,1000038,0,0,0,1000011},{0,2000025,2000019,2000011,1000012,1000013,1,1000048,1000048,0,0,1000020,1000047,1000047},{0,2000018,2000018,1000024,1000024,0,0,1000048,1000048,1000029,1000029,0,1000047,1000047},{1000006,0,0,1000036,1000036,0,0,0,1000019,0,1000049,1000049,0,0},{1000006,2000009,2000009,1000036,1000036,2000021,2000014,2000007,1000019,2000022,2000022,1000044,1000044,0},{2000013,2000016,2000020,2000020,0,2000021,2000014,2000007,0,2000022,2000022,1000044,1000044,0},{0,2000016,0,1000041,2000006,2000006,0,0,1000039,0,1000034,1000031,2000023,1000008},{0,0,1000032,0,1000027,2000012,0,1000009,1000009,0,0,0,0,0}};

//570 depth: 10 traps: 0 toolong: 0 no.: 11 thread: 12
{{2000027,2000027,1000026,1000026,0,1000025,1000025,0,1000015,2000015,2000015,0,0,0},{0,1000031,0,0,2000024,2000026,1000024,1000023,1000015,2000015,2000015,0,1000032,2000005},{0,1000031,0,0,2000024,2000026,2000034,2000039,0,2000018,2000018,0,0,2000005},{1000019,1000019,1,0,0,2000030,0,2000039,2000019,0,0,0,0,0},{1000021,1000021,0,1000020,1000020,2000004,0,0,2000011,2000001,1000008,1000029,1000029,2000006},{2000038,2000038,0,0,0,2000004,2000037,2000037,0,2000001,1000008,2000029,0,0},{2000038,2000038,0,2000023,2000023,0,2000008,2000013,2000013,0,0,2000029,0,1000009},{0,0,0,0,2000025,0,2000008,0,0,0,1000013,2000021,2000021,1000009},{1000030,0,0,2000035,2000035,0,1000017,2000036,2000036,2000016,2000016,2000021,2000021,2000009},{1000028,1000028,0,2000035,2000035,2000014,2000007,1000027,0,0,0,2000020,0,0},{2000031,2000031,1000022,0,0,2000014,0,1000018,2000003,0,1000014,0,0,0},{1000010,1000010,0,0,1000016,0,2000010,1000018,2000003,1000006,0,2000022,2000022,0},{0,1000011,0,2000017,2000017,0,2000010,1000007,1000012,2000032,2000032,2000022,2000022,2000002},{2000028,2000028,0,0,0,0,2000033,2000012,2000012,2000032,2000032,0,0,2000002}};

//300 depth: 12 traps: 0 toolong: 0 no.: 10 thread: 12
{{2000013,2000013,0,1000023,1000024,0,0,2000006,2000006,2000020,2000020,2000025,2000025,0},{2000013,2000013,2000023,1000023,1000024,0,0,0,2000008,2000020,2000020,2000025,2000025,1000020},{0,0,0,0,1000019,1000019,0,2000021,2000008,1000012,0,0,0,0},{0,0,0,0,1000019,1000019,2000011,2000021,2000015,0,1000018,0,1000011,1000011},{0,0,0,0,0,1000026,2000011,1000031,0,0,0,0,2000002,0},{0,2000022,2000022,2000026,2000026,0,0,2000009,0,1000028,1000028,1000014,2000002,0},{2000001,2000022,2000022,2000026,2000026,0,2000024,2000009,2000016,0,0,1000016,1000032,1000032},{2000001,1000021,1,0,0,0,2000005,2000005,2000016,1000029,1000029,2000018,2000018,0},{0,0,1,0,0,2000007,2000005,2000005,2000027,0,0,0,0,0},{0,0,1000027,2000017,0,1000033,1000010,0,2000010,0,1000030,1000030,1000017,1000017},{0,0,1000027,2000017,0,1000033,1000010,0,2000010,0,0,0,0,1000015},{1000013,1000013,2000019,0,0,0,2000012,2000012,0,0,0,2000004,0,2000014},{0,0,2000003,0,0,0,2000012,2000012,1000022,1000022,0,0,1000025,0},{0,0,0,0,1000009,1000009,0,0,1000022,1000022,0,0,1000025,0}};

//400 depth: 8 traps: 0 toolong: 0 no.: 9 thread: 4
{{0,0,1000025,0,0,0,0,1000024,0,1000033,0,1000007,1000007,1000015},{0,2000014,2000014,2000018,2000018,0,0,0,0,0,0,1000017,0,2000019},{0,2000014,2000014,2000018,2000018,0,2000007,2000007,2000021,2000021,0,1000017,1000020,1000020},{1000023,1000023,1000016,1000030,0,2000028,2000007,2000007,2000021,2000021,2000005,1000013,2000026,2000026},{1000023,1000023,1000016,1000030,0,0,2000003,2000003,1000019,1000019,1000009,0,0,0},{0,2000009,1000031,0,0,2000025,0,1000014,1000014,1,0,0,0,0},{0,2000009,1000031,0,1000010,2000025,2000020,2000020,1000034,1000034,0,0,0,1000028},{2000013,2000008,2000008,2000004,2000004,0,1000029,1000004,1000034,1000034,2000016,2000016,0,2000023},{2000013,0,0,0,0,1000018,1000018,0,0,0,2000016,2000016,0,2000023},{0,1000026,1000022,0,2000006,2000006,1000035,1000032,1000032,0,0,2000027,2000027,0},{1000027,1000026,2000012,2000017,0,0,0,0,0,1000012,0,0,2000002,2000002},{1000006,1000006,0,1000008,1000008,2000024,0,0,1000005,2000022,2000022,0,2000002,2000002},{1000021,0,0,1000008,1000008,0,0,2000011,2000015,2000010,2000010,0,2000001,1000011},{1000021,0,0,0,0,0,0,2000011,0,0,0,0,0,1000011}};

//301 depth: 7 traps: 0 toolong: 0 no.: 8 thread: 2
{{0,0,0,2000029,2000015,0,2000032,2000032,0,0,2000020,0,2000043,2000043},{0,0,0,2000029,2000015,2000055,0,0,0,0,0,2000030,0,0},{0,0,1000002,1000002,0,2000051,0,1000005,2000040,0,1,2000030,0,0},{0,2000019,0,0,0,2000051,2000016,1000005,2000048,0,1,0,0,2000026},{2000031,2000019,0,2000018,2000018,2000039,2000016,0,0,2000024,0,0,0,2000026},{0,2000022,2000022,2000034,2000034,2000039,2000017,0,2000037,2000024,0,0,0,1000001},{0,2000022,2000022,2000034,2000034,0,2000017,0,1000004,0,0,2000027,2000038,2000038},{2000045,2000035,0,2000028,2000028,0,2000042,2000014,2000013,2000013,0,2000027,0,0},{2000045,0,0,0,0,0,0,0,0,0,0,2000023,0,0},{0,2000033,0,0,0,0,2000044,2000044,2000021,0,0,0,0,2000047},{2000025,2000033,0,0,2000052,2000052,1000003,1000003,0,0,2000053,2000053,0,2000047},{0,2000046,2000054,2000054,2000052,2000052,1000003,1000003,0,0,0,0,2000012,2000012},{0,2000046,2000054,2000054,0,0,0,0,0,0,2000036,2000050,2000012,2000012},{2000011,2000011,0,2000041,2000041,0,0,0,0,0,2000036,2000050,2000049,0}};

//240 depth: 8 traps: 0 toolong: 0 no.: 7 thread: 8
{{0,2000005,2000005,0,0,0,0,0,0,0,0,0,0,0},{0,1000039,1000039,1000036,0,2000003,2000004,1000025,1000025,0,0,0,1000026,0},{0,1000039,1000039,1000036,0,2000003,2000004,0,1000007,1000007,1000013,0,1000026,0},{0,0,1000017,0,0,0,0,0,1000031,1000031,2000006,2000002,2000002,0},{1000040,2000001,1000017,1000018,0,1000034,0,0,1000033,0,0,1000019,0,0},{0,1000037,0,2000008,2000008,0,0,0,0,0,0,1000019,1000020,0},{0,0,0,0,0,2000012,0,2000009,0,0,2000007,2000007,1000020,0},{0,1000027,0,1,1,0,0,2000009,0,0,2000007,2000007,0,0},{0,0,1000015,1000023,1000023,1000035,0,0,1000032,1000032,0,0,0,0},{1000021,1000021,1000015,0,1000028,1000016,1000016,2000011,2000011,0,0,1000010,1000010,0},{1000021,1000021,1000038,0,0,2000010,2000010,2000011,2000011,1000012,1000012,1000010,1000010,1000024},{0,0,0,0,0,2000010,2000010,0,0,1000009,0,0,0,1000024},{0,0,1000014,0,0,1000041,1000041,1000029,1000022,1000022,1000011,1000011,1000008,0},{1000030,1000030,0,0,0,0,2000013,2000013,0,0,0,0,0,0}};

//259 depth: 7 traps: 0 toolong: 0 no.: 6 thread: 12
{{0,0,0,0,0,1000001,1000001,0,0,0,0,0,0,0},{2000003,2000003,2000015,2000015,0,1000001,1000001,1000005,1000005,2000014,2000007,2000007,0,0},{0,0,2000015,2000015,0,1000008,1000018,1000018,0,2000014,2000007,2000007,2000004,2000004},{0,0,0,0,1000014,2000006,1000006,1000006,0,2000016,2000016,0,2000004,2000004},{0,2000009,0,0,1000014,0,1000006,1000006,1000007,2000016,2000016,0,0,0},{0,1000017,0,0,0,0,2000012,2000012,1000007,0,1,1,0,1000004},{0,1000017,0,0,0,0,0,0,2000005,0,1,1,0,0},{0,0,0,1000003,0,0,0,2000017,2000017,0,0,0,0,0},{0,1000002,1000002,1000003,0,0,1000013,0,1000012,0,2000008,0,0,0},{0,0,0,0,2000018,2000011,0,0,2000010,0,0,0,2000002,2000002},{0,1000020,2000001,2000001,2000018,1000016,1000016,0,0,0,0,0,2000002,2000002},{0,1000020,2000001,2000001,0,1000016,1000016,0,0,0,0,0,0,0},{0,0,0,0,0,1000010,1000010,0,2000013,2000013,0,0,1000011,1000011},{1000015,0,1000019,1000019,0,0,0,0,2000013,2000013,0,0,0,1000009}};

//80 depth: 5 traps: 0 toolong: 0 no.: 5 thread: 8
{{2000056,2000056,2000026,2000026,0,2000051,0,2000016,2000016,1000021,2000021,0,1000020,0},{2000056,2000056,2000039,2000039,0,2000051,1,0,0,1000034,2000012,2000040,0,0},{0,1000025,1000025,2000018,2000044,2000010,1,0,2000029,2000029,0,0,1000027,1000027},{0,2000011,2000055,2000035,2000044,0,0,0,2000028,0,2000038,2000038,1000028,1000028},{1000030,2000011,2000055,1000037,0,1000039,1000039,0,0,0,2000047,2000033,1000032,0},{1000030,0,0,1000031,0,0,0,2000025,0,2000036,0,2000049,1000032,1000019},{0,2000052,2000052,2000024,2000027,0,2000032,2000025,0,2000036,0,2000049,0,0},{0,1000041,0,0,2000027,1000036,2000032,2000050,2000050,2000019,2000019,0,2000048,2000048},{0,1000041,0,1000042,1000042,0,2000015,0,2000045,2000019,2000019,1000035,0,0},{0,0,0,0,2000041,2000030,0,0,0,0,0,1000035,2000009,2000014},{0,2000034,0,0,2000041,0,2000042,2000020,2000020,1000043,1000043,2000017,0,2000014},{1000040,1000022,2000013,2000053,0,0,2000042,0,2000023,2000054,1000044,0,1000023,2000046},{2000037,2000022,1000029,0,0,2000031,2000031,1000024,0,2000054,1000044,0,0,1000033},{0,0,1000038,1000038,0,2000031,2000031,0,2000043,2000043,1000026,1000026,0,1000033}};
Executing with: 2040 threads.

The output (if any) follows:

    Max Threads :            2044
    Max Processes :          3
    (Delta: the difference between Total Requested Memory and Max Memory.)
    Delta Memory :           -668.00 MB
    Total Requested Memory : 1024.00 MB
    Average Memory :         1550.96 MB
    Max Memory :             1692 MB
    CPU time :               1711.58 sec.

Resource usage summary:

Exited with exit code 130.
TERM_OWNER: job killed by owner.

------------------------------------------------------------
./a.out
# LSBATCH: User input
------------------------------------------------------------

Your job looked like:

Results reported on Mon Jun 26 11:13:01 2017
Started at Mon Jun 26 10:59:45 2017
</cluster/home/dekevin> was used as the working directory.
</cluster/home/dekevin> was used as the home directory.
Job was executed on host(s) <eu-ms-017-09>, in queue <normal.4h>, as user <dekevin> in cluster <euler>.
Job <./a.out> was submitted from host <euler02> by user <dekevin> in cluster <euler>.

Subject: Job 45709769: <./a.out> in cluster <euler> Exited
Sender: LSF System <lsfadmin@eu-ms-017-09>
