Level 1 ={{0,1000004,2000007,2000001,2000003,2000003,0},{0,1000004,0,0,0,0,1000006},{1000008,2000002,0,1000005,0,0,1000006},{1000002,0,0,0,2000005,0,2000008},{0,1000003,0,1000001,2000005,1,2000008},{1000007,1000007,0,0,0,2000006,0},{1000007,1000007,2000004,0,0,2000006,0}}
Level 2 ={{2000005,2000005,2000004,1000001,1000001,2000006,2000006},{1000004,1,2000004,0,0,0,2000001},{1000004,0,0,0,2000007,0,1000003},{2000002,0,2000008,2000008,0,0,1000003},{0,1000002,2000008,2000008,0,2000003,2000003},{2000010,2000010,0,0,0,2000009,2000009},{0,0,0,1000005,0,0,0}}
Level 3 ={{2000003,2000003,1000009,1000010,1000010,2000002,2000002},{2000003,2000003,1000009,0,0,0,1000004},{1000001,0,1000005,0,1000007,0,0},{2000004,0,1000012,0,1000007,0,0},{2000005,1,1000008,0,2000001,0,0},{1000006,0,0,0,2000001,1000003,0},{1000006,1000011,1000011,1000002,1000002,0,0}}
Level 4 ={{2000003,1000005,1000005,1000002,0,0,0},{2000002,1,0,0,1000004,1000004,0},{2000002,1000003,2000004,0,0,0,2000001},{1000001,0,0,0,0,0,0},{1000001,0,0,0,0,0,0},{0,0,0,0,0,0,0},{0,0,0,1000006,0,0,0}}
Level 5 ={{2000008,0,1000001,2000002,1000002,2000012,0},{2000008,0,1000003,1,0,0,2000004},{2000011,0,1000003,2000009,2000009,0,2000003},{2000007,0,0,0,0,0,2000003},{2000007,0,0,2000001,2000001,2000010,0},{0,0,2000006,2000006,2000005,2000010,0},{0,0,2000006,2000006,2000005,0,0}}
Level 6 ={{0,1000003,1000003,1000002,2000006,0,0},{2000001,0,0,0,0,2000005,2000005},{2000001,1,2000004,2000010,0,2000005,2000005},{2000002,2000002,2000007,0,0,2000009,0},{0,0,0,0,0,2000009,0},{0,1000004,0,1000001,1000001,2000008,0},{0,1000004,0,2000003,2000003,2000008,0}}
Level 7 ={{2000002,0,0,0,0,0,0},{0,0,0,2000005,0,0,0},{0,0,0,0,0,1000001,0},{0,0,0,0,0,0,0},{1000002,0,0,1,0,0,1000003},{2000003,2000003,0,0,0,0,1000003},{0,0,2000001,2000004,2000004,0,0}}
Level 8 ={{0,0,0,1000003,0,0,0},{1000001,1000002,0,0,0,0,0},{1000001,1000002,0,0,0,0,0},{0,0,0,1,0,0,0},{0,0,0,0,0,0,0},{2000004,0,0,2000003,0,2000001,2000002},{0,0,0,0,0,2000001,0}}
Level 9 ={{1000007,2000007,0,1000002,1000002,2000006,0},{1000006,2000009,2000009,1,0,0,2000004},{1000006,0,0,1000009,1000009,0,2000004},{0,0,2000008,2000008,0,0,2000005},{1000001,0,0,0,0,2000002,2000005},{1000001,1000005,0,1000004,2000003,2000003,2000001},{0,1000003,1000008,1000008,2000003,2000003,0}}
Level 10 ={{2000008,2000008,0,2000002,0,0},{2000008,2000008,2000003,2000003,2000005,2000005},{1000001,0,0,0,1,1000003},{2000010,0,2000009,2000009,1000004,2000004},{2000010,0,0,0,0,2000004},{0,2000011,0,0,0,0},{2000007,2000007,2000001,2000006,1000002,0}}
Level 11 ={{0,0,2000004,2000004,0,0,2000006},{2000008,2000008,0,2000001,2000001,1000004,0},{2000008,2000008,0,0,0,0,1000005},{0,2000007,0,1000002,1000002,1,1000005},{1000003,0,0,2000009,0,1000001,1000001},{1000006,1000006,0,0,0,2000003,0},{0,2000005,2000005,2000002,0,0,0}}
Level 12 ={{0,0,0,1000002,2000004,2000001,0},{0,0,0,0,1000001,2000001,0},{0,0,0,0,1000001,0,0},{0,2000003,2000003,1,0,0,1000004},{0,0,0,0,0,0,0},{0,0,0,1000003,0,0,0},{2000002,1000005,0,1000003,0,0,0}}
Level 13 ={{1000011,1000007,0,0,1000009,1000009,2000008},{1000002,0,0,0,2000005,2000005,2000007},{1000004,0,0,2000003,0,1,2000007},{2000006,2000006,0,2000003,0,0,1000001},{2000006,2000006,0,0,0,1000006,0},{2000004,1000010,1000010,0,2000002,0,1000003},{0,1000005,2000001,2000001,2000002,0,1000008}}
Level 14 ={{2000006,0,2000002,1000002,1000005,2000012,2000012},{2000006,0,2000002,0,0,0,0},{2000003,2000007,2000007,0,2000001,2000009,2000009},{0,2000007,2000007,0,2000001,0,2000004},{0,2000010,1000001,0,0,2000005,1000004},{0,2000011,1000001,1000003,1,2000005,1000004},{0,2000011,0,0,2000008,2000008,0}}
Level 15 ={{1000002,1000002,0,2000010,2000007,0,0},{1000002,1000002,1000004,0,1,1000003,1000003},{0,0,1000004,2000002,0,2000013,2000013},{0,2000012,2000012,0,0,2000013,2000013},{2000009,2000009,2000004,0,2000006,0,1000001},{0,0,0,0,2000006,2000001,1000001},{0,0,2000011,2000008,0,2000005,2000003}}
Level 16 ={{1000002,0,0,0,2000005,2000005,1000009},{1000002,0,2000004,2000004,1000001,1000006,1000009},{0,0,2000002,1,2000001,0,0},{1000003,0,0,0,0,2000003,0},{0,0,2000006,1000007,0,0,0},{0,0,0,0,0,0,0},{1000004,1000008,0,0,0,1000005,1000005}}
Level 17 ={{0,0,2000002,2000002,0,0},{0,0,0,0,0,2000004},{0,2000003,0,0,0,0},{0,2000003,1,0,0,0},{0,0,0,0,0,0},{0,0,1000003,0,1000002,1000002},{2000001,0,1000001,0,0,0}}
Level 18 ={{0,1000001,1000001,0,1000003,0,0},{1000004,1000001,1000001,2000002,1000003,0,0},{2000003,2000003,0,2000002,0,0,2000004},{0,2000006,2000006,0,0,0,2000001},{0,2000006,2000006,0,1000006,0,2000001},{1000005,1000005,1,0,1000008,2000005,2000005},{0,0,1000007,1000007,0,1000002,1000002}}
Level 19 ={{0,0,0,2000004,0,0,1000001},{0,0,2000002,2000004,1000003,1000002,1000002},{0,0,0,1,0,0,0},{0,2000003,2000003,0,0,0,0},{0,2000003,2000003,0,0,0,0},{2000001,0,0,0,0,0,0},{2000001,0,0,0,2000005,2000005,0}}
Level 20 ={{0,0,0,0,2000003,1000001,1000001},{0,0,0,0,2000003,1000003,0},{0,0,0,0,0,0,0},{2000001,0,1000004,1000004,1,1000002,1000002},{0,0,1000004,1000004,0,0,0},{2000004,0,0,0,0,0,0},{2000004,2000002,0,0,0,0,0}}
Level 21 ={{2000002,0,0,0,0,0,1000004},{0,0,0,2000006,2000006,0,1000004},{0,2000008,1000005,1000005,2000005,2000005,1000003},{2000009,2000009,0,0,1,0,2000012},{2000009,2000009,0,2000011,2000003,1000002,1000002},{0,1000001,0,0,0,0,2000007},{0,2000004,2000001,2000001,2000010,0,2000007}}
Level 22 ={{2000005,1000011,1000011,1000010,1000010,1000004,1000004},{2000005,1000011,1000011,1000010,1000010,2000003,2000003},{1000003,1,0,1000006,1000006,2000003,2000003},{1000003,0,0,1000006,1000006,0,0},{0,1000009,0,0,1000008,1000008,2000002},{2000004,1000002,1000001,0,0,0,0},{2000004,0,2000001,2000001,1000007,1000005,0}}
Level 23 ={{0,2000001,0,0,0,2000007,2000010},{0,0,1000001,0,2000003,0,0},{0,0,1000001,0,2000003,1000002,0},{0,0,0,0,0,1000002,2000004},{1000003,0,0,0,0,1,2000004},{0,2000005,2000005,2000008,0,1,2000002},{0,0,2000006,2000006,2000009,2000009,2000002}}
Level 24 ={{0,0,0,0,0,1000002,1000002},{0,0,0,0,0,0,0},{1000001,0,0,0,1000005,2000002,0},{0,1000007,0,2000001,1000005,2000002,0},{2000004,0,0,0,0,2000005,2000005},{2000004,1,1000006,0,0,1000003,2000003},{0,1000004,0,0,0,1000003,2000003}}
Level 25 ={{1000005,1000005,0,0,1000003,1000004,0},{0,2000004,2000004,2000001,2000003,2000003,0},{1000007,1000007,1000006,0,0,1,1000001},{1000007,1000007,0,0,2000002,2000002,1000001},{0,0,0,0,2000002,2000002,0},{0,0,0,0,0,0,2000005},{0,0,0,0,1000002,1000002,0}}
Level 26 ={{0,0,0,2000002,2000002,2000003,2000003},{2000005,2000005,0,0,2000006,2000003,2000003},{2000005,2000005,2000007,2000007,2000001,2000001,0},{1000003,1,0,0,0,0,0},{1000003,2000004,2000004,0,1000001,0,0},{0,0,0,0,0,0,1000002},{1000004,1000004,0,0,0,0,1000002}}
Level 27 ={{0,2000004,0,0,1000004,1000004,0},{1000007,2000004,2000002,2000002,1,1,2000001},{1000006,0,0,0,0,0,2000001},{0,0,0,0,1000002,1000005,1000005},{0,1000003,0,2000003,1000002,1000005,1000005},{0,1000009,1000009,2000003,0,1000008,1000008},{0,1000009,1000009,0,1000001,1000008,1000008}}
Level 28 ={{0,1000004,1000005,1000002,1000002,2000001,2000001},{1000003,1,0,0,0,0,0},{1000003,1,0,0,0,0,2000003},{0,2000004,2000004,0,0,0,2000003},{0,2000004,2000004,0,0,0,0},{0,0,2000002,0,0,1000001,2000006},{2000005,2000005,2000002,0,0,0,0}}
Level 29 ={{0,0,0,0,1000006,1000001,1000001},{1000008,1000004,0,2000002,2000002,1000001,1000001},{1000008,0,0,2000002,2000002,1000002,1000002},{1000003,1,0,0,0,1000002,1000002},{0,1,0,2000003,2000003,0,2000001},{0,1000007,1000007,1000005,0,2000004,2000001},{0,1000007,1000007,0,0,0,0}}
Level 30 ={{1000001,2000002,2000002,2000003,2000003,1000004,1000004},{1000001,0,0,0,0,1000004,1000004},{0,0,2000001,0,0,0,0},{2000006,0,0,1,1,0,0},{2000006,0,0,1,1,0,0},{2000004,1000002,1000002,0,0,0,0},{1000003,0,0,0,2000005,2000005,0}}
Level 31 ={{2000003,0,1000002,1000002,1000003,2000001,2000001},{0,0,0,2000002,2000002,0,0},{0,0,1,1,0,0,0},{1000001,0,1,1,0,0,0},{0,0,0,0,0,0,0},{0,0,0,0,1000004,1000004,0}}
Level 32 ={{0,0,0,0,0,0,2000004},{2000006,0,1,1,0,0,0},{1000002,0,0,0,0,2000003,0},{0,0,2000001,1000003,0,1000001,1000001},{0,0,2000001,1000003,0,1000001,1000001},{0,2000005,0,0,0,0,0},{0,2000005,0,0,0,0,2000002}}
Level 33 ={{2000007,1000010,1000010,2000001,2000004,2000011,1000009},{2000002,1000004,2000003,2000003,1000002,0,1000009},{1000006,0,2000012,2000012,1000002,1,1000008},{1000007,2000006,0,1000003,1000005,0,1000008},{1000007,0,2000010,1000003,0,0,1000011},{2000008,2000009,2000009,2000005,2000005,0,1000011},{2000008,2000009,2000009,1000012,1000012,0,0}}
Level 34 ={{1000011,0,2000004,2000004,0,2000005,2000005},{1000011,1000001,2000004,2000004,0,2000005,2000005},{2000003,0,0,0,0,1000009,1000009},{2000003,1000005,1000005,2000001,0,1000003,1000003},{0,1000006,1000002,0,1,1000003,1000003},{2000002,1000006,0,1000007,1,0,0},{2000002,0,1000008,1000010,1000010,0,1000004}}
Level 35 ={{1000002,0,1000001,2000002,1000005,0,0},{1000013,1000013,1000001,0,1000006,1000012,1000012},{1000013,1000013,2000004,2000004,1000006,1000012,1000012},{0,1000007,0,1000011,1000011,0,2000003},{1000003,1000007,1,1,0,0,1000010},{0,0,0,0,2000001,0,1000010},{1000009,1000009,0,1000008,1000008,1000004,1000004}}
Level 36 ={{0,0,0,1000002,0,0},{0,2000004,2000004,1000002,1000001,1000001},{0,2000004,2000004,1,0,0},{0,0,0,1,0,0},{0,2000001,2000001,1000003,1000003,0},{2000002,2000002,0,1000003,1000003,0},{0,0,0,0,2000003,0}}
Level 37 ={{0,1000008,1000008,1000013,1000013,0,1000007},{2000001,2000001,0,0,2000002,0,0},{2000001,2000001,0,0,2000002,1000010,1000010},{0,0,2000003,1000003,1000002,1000002,1000006},{1000005,1000005,2000003,1000011,1000011,1000012,1000006},{1000005,1000005,0,0,1,1000012,0},{1000001,1000001,0,1000009,1000009,1000004,1000004}}
Level 38 ={{1000005,1000005,2000003,0,0,1000001,1000001},{2000009,2000009,2000003,0,0,2000002,2000002},{2000009,2000009,2000006,2000006,2000004,0,0},{1,1000003,2000006,2000006,2000004,2000001,2000007},{0,0,2000008,2000005,0,0,2000007},{1000004,0,2000008,2000005,0,0,0},{0,0,1000002,1000002,0,0,0}}
Level 39 ={{1000005,0,0,2000003,0,0,0},{0,2000007,0,0,2000008,0,0},{0,2000007,1000004,1000003,0,0,0},{1,2000010,1000004,2000009,0,0,1000006},{2000005,2000010,1000001,2000004,2000004,0,0},{2000005,1000002,2000001,2000001,0,2000002,2000002},{0,0,2000006,2000006,0,2000002,2000002}}
Level 40 ={{2000003,2000003,1000004,0,1000003,1000001,1000007},{0,0,0,0,1000003,1000001,0},{1000005,1000005,1000009,0,2000002,0,1000002},{0,1,2000001,0,0,0,2000005},{2000006,2000006,2000001,2000007,1000010,1000010,2000005},{2000006,2000006,0,1000006,2000004,1000008,1000008},{0,0,0,1000006,2000004,0,0}}
Level 41 ={{0,0,2000002,2000002,0,0,0},{0,0,2000002,2000002,0,0,0},{0,2000001,2000001,0,1000003,0,0},{0,2000001,2000001,0,1000003,0,0},{1000001,2000003,0,0,0,1000002,1000002},{1000001,1,1,0,0,1000002,1000002}}
