//VESSEL IDEA
//BLACK TILE IDEA
//Level1
{{0,0,2001025,2001025,2001025,2001025,2001025,2001025,2001025,2001025,2001025,0,0},{0,0,0,0,0,0,0,0,0,0,0,0,0},{2001028,0,1000011,1000012,1000013,1000014,1000015,1000016,1000017,1000018,1000019,0,2001026},{2001028,0,1000020,1000049,1000048,1000047,1000046,1000045,1000044,1000043,1000042,0,2001026},{2001028,0,1000021,1000050,1000071,1000070,1000069,1000068,1000067,1000066,1000040,0,2001026},{2001028,0,1000022,1000051,1000072,1000085,1000084,1000083,1000082,1000065,1000041,0,2001026},{2001028,0,1000023,1000052,1000073,1000086,1,1000090,1000081,1000064,1000039,0,2001026},{2001028,0,1000024,1000053,1000074,1000087,1000088,1000089,1000080,1000063,1000038,0,2001026},{2001028,0,1000025,1000054,1000075,1000076,1000077,1000078,1000079,1000062,1000037,0,2001026},{2001028,0,1000026,1000055,1000056,1000057,1000058,1000059,1000060,1000061,1000036,0,2001026},{2001028,0,1000027,1000028,1000029,1000030,1000031,1000032,1000033,1000034,1000035,0,2001026},{0,0,0,0,0,0,0,0,0,0,0,0,0},{0,0,2001027,2001027,2001027,2001027,2001027,2001027,2001027,2001027,2001027,0,0}};

{{0,2000024,2000024,0,0,1000017,1000013,1000013,1000010,1000010,0,0,2000012,0,0,0,0},{0,0,1000025,0,0,0,2000032,0,1000011,1000011,0,0,2000012,0,0,0,0},{0,0,0,0,1000039,1000039,2000032,0,1000011,1000011,0,1000041,2000009,2000009,0,0,0},{0,0,0,2000021,1000039,1000039,0,0,2000020,0,0,0,2000009,2000009,0,2000025,2000025},{0,1000014,0,2000021,0,0,0,0,2000020,0,1000019,0,0,0,0,2000025,2000025},{1000027,1000034,0,2000029,2000029,0,0,0,1000033,0,1000019,0,1000024,0,0,0,0},{0,1000035,1000029,1000029,0,1000005,1000005,0,0,0,1000015,1000015,0,0,1000037,0,0},{2000014,1000035,0,1,2000023,2000008,2000008,0,2000005,2000005,0,0,0,0,1000037,0,1000026},{2000002,2000002,0,0,2000023,2000008,2000008,0,2000011,0,1000022,0,0,2000007,0,0,1000026},{2000002,2000002,1000032,0,0,0,0,0,2000011,0,2000015,2000015,0,0,0,0,0},{2000027,1000030,0,1000038,0,2000010,2000010,0,0,0,2000015,2000015,0,1000028,1000028,1000007,1000007},{2000027,1000030,0,2000003,2000003,2000010,2000010,0,0,2000030,2000031,2000031,0,0,1000031,1000031,0},{0,2000019,2000019,0,1000020,1000021,1000021,0,0,2000030,2000031,2000031,0,2000004,1000031,1000031,0},{2000017,0,0,0,0,0,0,0,1000008,2000006,2000028,0,1000023,2000004,2000026,2000013,0},{2000017,0,0,0,0,1000009,1000009,0,1000008,2000006,2000016,1000016,0,0,0,0,1000036},{0,1000012,0,0,0,1000009,1000009,2000022,1000018,1000018,2000016,1000016,2000018,2000018,1000040,1000040,1000036},{0,1000012,0,0,2000001,0,0,0,1000006,1000006,0,0,2000018,2000018,0,0,0}};


//Level2
{{0,0,0,0,0,0,0,0,0,0,0,0},{0,0,0,0,0,0,0,0,0,0,0,0},{0,0,0,0,0,0,0,0,0,0,0,0},{0,0,0,0,2001000,2001000,1000012,0,0,0,0,0},{0,0,0,2001004,0,1000010,1000012,2001001,0,0,0,0},{0,0,2001005,2001004,1,1000011,1000011,2001001,0,0,0,0},{2001006,2001006,2001005,1000014,1000014,1000013,1000013,0,2001009,0,0,0},{0,0,0,0,1000015,1000015,2001002,2001002,2001009,0,0,0},{2001007,2001007,2001007,1000017,0,0,2001009,2001009,2001009,0,0,0},{0,0,2001007,2001008,2001008,2001008,0,0,0,0,0,0},{0,0,0,0,0,0,0,0,0,0,0,0},{0,0,0,0,0,0,0,0,0,0,0,0}};

//Level3
{{0,0,0,0,0,0,0,2001029,2001029,2001029,2001029,2001029,0,2001030,2001030},{0,0,0,0,0,0,0,2001029,2001034,0,2001033,2001031,0,2001030,2001030},{0,0,0,0,0,0,0,1000017,1000017,0,0,2001022,0,2001030,0},{2001026,2001026,2001026,2001026,2001026,2001026,2001026,1000017,0,0,0,0,0,2001030,0},{2001026,0,0,0,0,1000012,1000012,1000013,0,2001022,0,2001021,0,2001030,0},{2001026,2001026,2001017,0,2001012,1,0,1000013,1000013,0,1000014,2001021,2001021,0,0},{0,0,2001017,0,0,2001010,2001010,2001010,2001010,1000015,1000014,0,2001021,0,0},{0,0,2001017,2001017,0,0,0,0,0,0,0,2001021,2001021,0,0},{0,0,0,2001017,2001017,2001017,2001017,2001017,2001017,2001017,2001017,2001021,0,0,0},{0,0,0,0,0,0,2001017,2001017,0,0,0,2001021,0,0,0},{0,0,0,0,0,0,0,0,0,0,0,2001021,0,0,0},{0,0,0,0,0,0,0,0,0,0,0,2001021,0,0,0}};

//Level4
{{0,0,0,0,0,2001011,2001011,2001011,2001011,2001011,0,0,0,0,0},{0,2001017,2001017,0,0,1000036,0,2001011,0,1000037,0,0,2001015,2001015,0},{0,2001017,1000010,1000010,1000010,0,0,0,0,0,1000017,1000017,1000017,2001015,0},{0,0,1000010,1000010,1000010,0,1000075,0,1000064,0,1000017,1000017,1000017,0,0},{0,0,1000010,1000010,1000010,1000046,1000081,1000081,1000081,1000034,1000017,1000017,1000017,0,0},{2001012,1000038,0,0,1000046,1000046,0,1000081,0,1000034,1000034,0,0,1000043,2001014},{2001012,0,0,1000061,1000082,0,1000049,0,1000050,0,1000080,1000074,0,0,2001014},{2001012,2001012,0,0,1000082,1000082,0,1,0,1000080,1000080,0,0,2001014,2001014},{2001012,0,0,1000076,1000082,0,1000048,0,1000051,0,1000080,1000083,0,0,2001014},{2001012,1000039,0,0,1000021,1000021,0,1000079,0,1000047,1000047,0,0,1000042,2001014},{0,0,1000011,1000011,1000011,1000021,1000079,1000079,1000079,1000047,1000012,1000012,1000012,0,0},{0,0,1000011,1000011,1000011,0,1000067,0,1000073,0,1000012,1000012,1000012,0,0},{0,2001003,1000011,1000011,1000011,0,0,0,0,0,1000012,1000012,1000012,2001004,0},{0,2001003,2001003,0,0,1000040,0,2001013,0,1000041,0,0,2001004,2001004,0},{0,0,0,0,0,2001013,2001013,2001013,2001013,2001013,0,0,0,0,0}};

//Level5
{{0,0,2001024,0,0,0,0,0,0,0,0,0,0,0,0,0,2001025,0,0},{2001020,0,1000084,1000084,1000084,1000084,1000084,2001011,2001011,2001011,2001011,2001011,1000085,1000085,1000085,1000085,1000085,0,2001021},{0,0,1000084,2001017,2001017,0,0,1000036,0,2001011,0,1000037,0,0,2001015,2001015,1000085,0,0},{0,0,1000084,2001017,1000010,1000010,1000010,0,0,0,0,0,1000017,1000017,1000017,2001015,1000085,0,0},{0,0,1000084,0,1000010,1000010,1000010,0,1000075,0,1000064,0,1000017,1000017,1000017,0,1000085,0,0},{0,0,1000084,0,1000010,1000010,1000010,1000046,1000081,1000081,1000081,1000034,1000017,1000017,1000017,0,1000085,0,0},{0,0,2001012,1000038,0,0,1000046,1000046,0,1000081,0,1000034,1000034,0,0,1000043,2001014,0,0},{0,0,2001012,0,0,1000061,1000082,0,1000049,0,1000050,0,1000080,1000074,0,0,2001014,0,0},{0,0,2001012,2001012,0,0,1000082,1000082,0,1,0,1000080,1000080,0,0,2001014,2001014,0,0},{0,0,2001012,0,0,1000076,1000082,0,1000048,0,1000051,0,1000080,1000083,0,0,2001014,0,0},{0,0,2001012,1000039,0,0,1000021,1000021,0,1000079,0,1000047,1000047,0,0,1000042,2001014,0,0},{0,0,1000087,0,1000011,1000011,1000011,1000021,1000079,1000079,1000079,1000047,1000012,1000012,1000012,0,1000086,0,0},{0,0,1000087,0,1000011,1000011,1000011,0,1000067,0,1000073,0,1000012,1000012,1000012,0,1000086,0,0},{0,0,1000087,2001003,1000011,1000011,1000011,0,0,0,0,0,1000012,1000012,1000012,2001004,1000086,0,0},{0,0,1000087,2001003,2001003,0,0,1000040,0,2001013,0,1000041,0,0,2001004,2001004,1000086,0,0},{2001019,0,1000087,1000087,1000087,1000087,1000087,2001013,2001013,2001013,2001013,2001013,1000086,1000086,1000086,1000086,1000086,0,2001018},{0,0,2001022,0,0,0,0,0,0,0,0,0,0,0,0,0,2001023,0,0}};

//Level6
{{0,2001003,2001003,2001002,2001002,0,2001005},{2001004,0,0,1000013,0,0,2001005},{2001004,0,0,0,2001006,0,2001012},{2001009,0,0,1000012,0,2001011,2001011},{2001009,0,1000014,0,1,2001013,0},{0,0,2001001,0,2001008,1000011,1000011},{0,0,2001001,2001007,0,2001010,0}};

//Level7
{{0,0,1000013,0,2001002,2001002,0},{0,0,0,2001006,1000015,0,0},{2001010,2001010,0,2001006,0,1000012,1000012},{2001005,0,2001007,2001007,1000014,1000011,0},{2001005,2001011,0,0,1,1000011,2001009},{2001003,2001011,2001004,2001004,0,0,2001009},{2001012,2001012,0,2001008,2001001,2001001,0}};


//LUCA LEVEL 8
{{0,2001033,0,2001032,0,2001031,0,2001030,0,2001029,0,2001028},{2001034,0,1000021,1000021,1000021,1000021,1000021,1000021,1000021,1000021,1000021,0},{0,0,1000021,2001008,2001008,2001008,0,0,0,0,1000019,2001023},{2001035,0,1000021,2001008,0,0,1000011,2001003,2001003,0,1000019,0},{0,0,1000021,2001008,0,0,1000011,1,2001003,0,1000019,2001048},{2001036,0,1000021,2001008,1000017,1000017,2001004,1000010,1000010,0,1000019,0},{0,0,1000021,0,0,0,1000016,0,0,2001009,1000019,2001047},{2001037,2001026,2001026,2001019,0,0,1000016,0,0,2001009,1000019,0},{0,0,0,2001019,2001019,0,2001009,2001009,2001009,2001009,1000019,2001046},{2001038,0,2001027,0,2001025,1000019,1000019,1000019,1000019,1000019,1000019,0},{0,0,0,0,2001025,0,0,0,0,0,0,2001045},{2001039,0,2001040,0,2001041,0,2001042,0,2001043,0,2001044,0}};

//QLEVEL
{{0,2001033,0,2001032,0,2001031,0,2001030,0,2001029,0,2001028},{2001034,0,1000021,1000021,1000021,1000021,1000021,1000021,1000021,1000021,1000021,0},{0,0,1000021,2001008,2001008,2001008,0,0,0,0,1000019,2001023},{2001035,0,1000021,2001008,0,0,1000011,2001003,2001003,0,1000019,0},{0,0,1000021,2001008,0,0,1000011,1,2001003,0,1000019,2001048},{2001036,0,1000021,2001008,1000017,1000017,2001004,1000010,1000010,0,1000019,0},{0,0,1000021,0,0,0,1000016,0,0,2001009,1000019,2001047},{2001037,2001026,2001026,3001019,0,0,1000016,0,0,2001009,1000019,0},{0,0,0,2001019,2001019,0,2001009,2001009,2001009,2001009,1000019,2001046},{2001038,0,2001027,0,2001025,1000019,1000019,1000019,1000019,1000019,1000019,0},{0,0,0,0,2001025,0,0,0,0,0,0,2001045},{2001039,0,2001040,0,2001041,0,2001042,0,2001043,0,2001044,0}};



//AUTO GENERATED

{{2001007,2001007,0,2001012,2001010,1000015,1000015},{0,0,1000013,2001012,2001006,2001006,2001011},{2001014,2001009,1000013,2001013,0,0,2001001},{2001008,2001008,2001004,2001015,0,1000011,2001001},{0,0,0,2001015,1,1000011,0},{1000014,1000012,2001003,0,2001002,0,0},{0,1000012,2001003,0,2001002,2001005,2001005}};

{{0,0,0,2001008,2001008,2001003,2001003},{2001012,2001015,2001015,0,2001006,2001001,2001001},{2001012,0,2001011,1000011,1000015,2001010,2001014},{0,0,1000018,1000011,0,0,2001014},{2001007,2001016,1000012,1000016,1,2001002,2001002},{1000014,2001013,2001013,0,0,2001004,2001004},{1000014,1000013,1000013,2001005,2001005,2001009,1000017}};

{{0,0,0,2001008,0,0,2001013},{0,2001002,2001002,2001009,2001009,2001014,2001014},{1000011,0,1000015,0,1000016,0,1000014},{1000011,2001001,0,1000013,0,2001006,2001012},{2001011,2001001,1000012,1000013,1,2001007,2001012},{2001011,2001003,1000012,0,0,2001004,0},{2001015,2001015,2001005,2001005,2001010,2001004,1000017}};

{{1000011,1000015,1000015,0,0,0,2001005,0},{1000011,0,0,0,2001015,2001015,2001005,0},{2001004,2001004,0,1000012,1000013,2001014,1000016,0},{0,0,2001002,0,1000019,0,2001008,2001003},{0,0,2001007,1000020,1000020,0,2001008,2001003},{2001011,2001012,1000018,0,1000017,1,2001001,0},{0,2001012,1000018,0,1000014,2001006,2001001,0},{2001009,2001009,0,0,2001013,2001013,2001010,2001010}};

{{2001007,2001007,2001001,2001011,0,1000017,2001008},{0,1000012,0,0,2001002,0,2001008},{0,1000011,0,1000014,2001015,2001004,2001009},{2001012,1000011,1000016,1000014,0,2001004,2001009},{2001012,1000013,0,0,1,2001013,0},{0,1000015,1000015,2001010,2001010,2001013,2001005},{2001003,2001003,0,2001006,0,2001014,2001005}};

//AUTO GENERATE NOW

{{0,1000013,2001009,0,2001001,2001001,2001012},{1000017,1000013,2001009,1000015,1000018,2001007,2001012},{1000011,1000011,1000019,1000015,0,2001007,2001014},{2001004,0,2001010,1000014,1000014,0,2001002},{2001013,0,1000012,1000012,1,2001008,0},{1000020,2001005,0,1000016,0,2001008,2001011},{2001003,2001005,0,2001006,2001006,0,2001011}};

{{2001010,2001010,2001008,0,2001002,2001013,2001009},{1000013,1000013,2001008,0,2001005,2001001,0},{0,2001006,0,0,2001005,2001001,2001007},{0,2001006,0,1000015,1000015,0,2001007},{2001003,1000014,1000014,0,1,0,2001012},{2001003,1000011,1000011,0,0,0,2001012},{0,1000012,0,2001004,2001004,2001011,0}};

{{2001011,0,2001001,2001001,2001004,2001008,0},{2001011,0,0,0,2001009,2001008,0},{2001014,1000011,1000014,1000014,1000013,1000016,0},{2001014,1000011,0,0,1000013,0,2001007},{2001002,2001003,2001003,0,1,0,2001007},{2001006,0,2001012,1000012,2001005,2001010,0},{0,1000015,0,2001013,0,2001010,0}};

{{2001007,2001007,2001001,2001011,0,1000017,2001008},{0,1000012,0,0,2001002,0,2001008},{0,1000011,0,1000014,2001015,2001004,2001009},{2001012,1000011,1000016,1000014,0,2001004,2001009},{2001012,1000013,0,0,1,2001013,0},{0,1000015,1000015,2001010,2001010,2001013,2001005},{2001003,2001003,0,2001006,0,2001014,2001005}};

//Alexander Level

{{2001001,2001001,2001001,2001001,2001001,2001005,2001001,2001001,2001001,2001001,2001001,2001001,2001001,2001001,2001001,2001001},{2001001,0,0,0,0,2001005,0,0,0,0,0,0,0,0,0,2001001},{2001001,0,1,0,0,2001005,0,0,0,0,0,0,0,0,0,2001001},{2001001,0,0,1000030,1000030,1000030,1000030,1000030,0,0,0,1000023,0,0,0,2001001},{2001001,2001004,2001004,2001004,2001004,2001004,0,1000023,1000023,1000023,0,1000023,0,0,0,2001001},{2001001,0,0,1000028,1000028,1000028,0,1000023,1000028,1000023,1000023,1000023,0,0,0,2001001},{2001001,1000024,1000024,1000024,1000024,1000028,1000028,1000028,1000028,0,0,0,0,1000021,1000021,2001001},{2001006,2001006,2001006,2001006,0,0,0,0,2001003,2001003,2001003,2001003,2001003,2001003,2001003,2001001},{2001001,0,0,0,0,0,0,2001007,0,0,0,0,0,0,0,2001001},{2001001,0,0,0,0,0,0,0,1000015,0,0,0,0,1000016,1000016,2001001},{2001001,0,0,0,0,0,0,0,1000015,0,1000016,1000016,1000016,1000016,1000016,2001001},{2001001,0,0,0,0,0,1000015,1000015,1000015,0,0,0,0,0,0,2001001},{2001001,0,0,0,1000013,0,1000015,0,2001002,0,0,0,0,0,0,2001001},{2001001,1000013,1000013,1000013,1000013,1000013,1000015,0,0,0,0,0,0,0,0,2001001},{2001001,2001001,0,2001001,2001001,2001001,2001001,2001001,2001001,2001001,2001001,2001001,2001001,2001001,2001001,2001001}};

//EULER GENERATED:

//Baegi modified level
{{0,0,0,0,2000024,0,2000025,0,0},{0,0,0,0,2000024,0,2000025,0,0},{0,0,0,0,2000024,0,2000025,0,0},{2000012,0,1000004,1000004,2000011,3000001,2000016,2000016,0},{0,1000003,2000015,2000015,2000011,1000002,2000016,2000016,0},{2000013,0,0,0,0,1000007,2000022,2000022,2000005},{2000002,0,0,1000005,0,1000007,0,2000009,0},{0,2000018,2000018,2000019,1,1,0,2000009,2000017},{0,0,0,0,1000008,0,0,1000010,2000017},{2000021,2000021,0,0,2000010,2000003,1000009,1000006,0},{2000014,2000014,0,2000006,0,2000007,1000011,2000001,2000004},{2000014,2000014,0,0,2000020,2000007,1000011,2000008,0}}

//Solvable
{{2000001,0,0,2000005,2000005,0,0,2000015,2000010},{1000019,1000019,1000013,0,1000008,1000008,2000011,2000015,0},{2000017,0,0,2000007,0,2000019,2000019,0,1000011},{2000017,1000016,1000016,1000006,0,2000019,2000019,0,1000011},{2000003,0,1000012,0,1,2000002,2000002,2000008,1000005},{2000003,0,1000007,1000015,0,0,2000009,1000020,0},{0,1000014,0,1000015,2000013,2000013,2000016,0,0},{0,2000012,2000006,2000006,0,2000018,1000017,1000009,1000010},{0,2000012,1000018,2000004,2000014,1000004,1000004,0,1000010}};

//Currently just for blocks.
{{2000010,0,1000001,2000015,2000003,0,2000009,2000009,0},{0,2000020,2000006,2000006,0,2000001,0,1000008,1000002},{1000004,1000014,0,2000007,0,0,0,1000008,2000018},{1000004,0,1000013,2000007,1000007,1000010,1000018,1000006,0},{1000012,2000005,2000005,0,1,1000016,0,0,2000012},{0,2000002,0,1000019,1,0,0,2000013,0},{0,2000002,1000017,0,1000005,0,0,0,1000015},{0,2000014,0,2000016,2000004,2000008,2000017,1000009,0},{1000011,1000011,2000011,1000003,2000004,0,0,2000019,2000019}};

//Easy but Baegi didn't mangage it :P (kind regards baegi).
{{1000010,2000007,0,0,0,1000002,1000003},{0,0,2000007,2000010,2000004,0,1000003},{1000009,1000005,0,0,0,1000001,2000001},{0,2000002,0,0,0,2000006,2000006},{0,2000002,1,1000007,1000007,2000006,2000006},{1000006,1000006,1,0,0,0,0},{1000006,1000006,2000008,0,1000004,1000004,1000008},{2000009,2000011,2000011,2000003,1000004,1000004,2000005}}

//Easy but Kevin didn't manage it :P'
{{2000010,0,0,0,0,1000010,0,0},{1000008,1000008,2000007,2000005,2000013,0,0,0},{1000007,0,2000007,0,2000009,2000012,1000004,0},{2000003,2000001,2000001,0,2000009,0,1000004,0},{2000003,0,0,0,1,1,2000015,2000008},{2000002,0,1000005,1000001,1000009,0,1000006,2000008},{2000002,2000014,1000003,1000001,0,0,0,1000002},{2000006,0,0,2000011,2000011,0,2000004,0}}

{{2000003,0,1000003,2000089,1000059,0,2000059},{2000003,0,2000004,0,2000060,0,2000059},{2000001,0,1000001,1000085,1000057,0,2000057},{2000254,0,1000254,1,1000310,0,2000310},{2000225,0,1000225,1000309,1000281,0,2000281},{2000227,0,2000228,0,2000284,0,2000283},{2000227,0,1000227,2000313,1000283,0,2000283}};

//Nice one generated by Baegi
{{0,0,1000009,2000008,0,0,0,0,2000015,0,0,0},{0,2000009,0,2000008,2000001,0,2000023,2000023,2000015,0,0,0},{0,0,0,0,0,2000021,2000023,2000023,2000005,0,0,0},{2000013,2000013,2000010,2000010,0,1000012,1000012,0,2000005,0,0,1000010},{2000013,2000013,2000010,2000010,0,0,0,0,0,0,1000003,0},{1000001,0,2000011,0,0,1000008,1000008,0,1000002,0,2000019,2000019},{0,2000003,2000003,1000004,1000004,0,1,0,0,0,0,0},{0,2000003,2000003,1000004,1000004,0,1,0,2000004,2000004,2000022,2000022},{0,0,1000005,0,1000006,2000018,0,1000011,1000011,0,2000022,2000022},{2000020,2000020,1000005,0,0,2000018,2000014,1000011,1000011,0,0,0},{2000020,2000020,0,0,0,0,2000002,2000016,0,2000012,0,2000007},{0,0,0,2000006,0,2000017,2000017,2000016,0,1000007,0,0}};

//Nice one generated by bvoq
{{1000003,1000003,0,2000005,2000005,0,2000075,2000075,0,1000073,1000073},{2000001,1000006,1000006,0,0,2000112,0,0,1000076,1000076,2000071},{2000004,0,0,1000007,1000007,1000106,1000077,1000077,0,0,2000074},{2000002,2000006,1000002,0,1000005,0,1000075,0,1000072,2000076,2000072},{0,2000006,1000004,1000004,1000005,0,1000075,1000074,1000074,2000076,0},{2000323,2000318,1000319,1000319,0,1,0,1000389,1000389,2000388,2000393},{0,2000286,1000284,1000284,1000285,0,1000355,1000354,1000354,2000356,0},{2000282,2000286,1000282,0,1000285,0,1000355,0,1000352,2000356,2000352},{2000284,0,0,1000287,1000287,1000386,1000357,1000357,0,0,2000354},{2000281,1000286,1000286,0,0,2000392,0,0,1000356,1000356,2000351},{1000283,1000283,0,2000285,2000285,0,2000355,2000355,0,1000353,1000353}};

{{1000001,2000003,2000002,2000083,2000056,2000057,1000055},{0,0,1000004,1000083,1000058,0,0},{2000001,1000003,1000004,0,1000058,1000057,2000055},{2000244,0,0,1,0,0,2000298},{2000217,1000219,1000220,0,1000274,1000273,2000271},{0,0,1000220,1000299,1000274,0,0},{1000217,2000219,2000218,2000299,2000272,2000273,1000271}};


//DOOR LEVELS

{{2000007,2000007,0,2000005,2000005,0,2000063,2000063,0,2000065,2000065},{0,0,0,2000005,2000005,0,2000063,2000063,0,0,0},{0,1000001,0,0,2000001,2000088,2000059,0,0,1000059,0},{2000006,0,1000002,1000002,0,0,0,1000060,1000060,0,2000064},{2000006,2000004,1000002,1000002,2000002,0,2000060,1000060,1000060,2000062,2000064},{0,0,2000264,0,0,1,0,0,2000322,0,0},{2000238,2000236,1000234,1000234,2000234,0,2000292,1000292,1000292,2000294,2000296},{2000238,0,1000234,1000234,0,0,0,1000292,1000292,0,2000296},{0,1000233,0,0,2000233,2000320,2000291,0,0,1000291,0},{0,0,0,2000237,2000237,0,2000295,2000295,0,0,0},{2000239,2000239,0,2000237,2000237,0,2000295,2000295,0,2000297,2000297}};
//25520 depth: 20 traps: 0 toolong: 0 no.: 67 thread: 16

{{0,0,1000001,0,2000007,2000097,2000069,0,1000063,0,0},{0,1000004,0,0,0,0,0,0,0,1000066,0},{2000003,1000004,2000006,2000006,0,0,0,2000068,2000068,1000066,2000065},{2000003,0,1000002,1000002,1000003,1000096,1000065,1000064,1000064,0,2000065},{2000005,2000005,0,2000001,1000003,1000096,1000065,2000063,0,2000067,2000067},{2000281,0,0,2000280,0,1,0,2000342,0,0,2000343},{2000253,2000253,0,2000249,1000251,1000344,1000313,2000311,0,2000315,2000315},{2000251,0,1000250,1000250,1000251,1000344,1000313,1000312,1000312,0,2000313},{2000251,1000252,2000254,2000254,0,0,0,2000316,2000316,1000314,2000313},{0,1000252,0,0,0,0,0,0,0,1000314,0},{0,0,1000249,0,2000255,2000345,2000317,0,1000311,0,0}};


{{0,2000003,0,2000001,2000009,2000102,2000071,2000063,0,2000065,0},{0,0,0,2000005,2000009,2000102,2000071,2000067,0,0,0},{2000006,0,2000008,2000008,1000002,0,1000064,2000070,2000070,0,2000068},{2000006,2000002,0,0,0,0,0,0,0,2000064,2000068},{0,0,2000007,1000001,0,0,0,1000063,2000069,0,0},{2000283,0,0,1000280,0,1,0,1000342,0,0,2000345},{0,0,2000255,1000249,0,0,0,1000311,2000317,0,0},{2000254,2000250,0,0,0,0,0,0,0,2000312,2000316},{2000254,0,2000256,2000256,1000250,0,1000312,2000318,2000318,0,2000316},{0,0,0,2000253,2000257,2000350,2000319,2000315,0,0,0},{0,2000251,0,2000249,2000257,2000350,2000319,2000311,0,2000313,0}};
//972804 depth: 21 traps: 0 toolong: 2 no.: 60 thread: 7

{{0,0,0,1000003,0,0,0,1000059,0,0,0},{0,0,0,2000004,2000004,0,2000060,2000060,0,0,0},{2000003,2000003,0,1000002,0,2000085,0,1000058,0,2000059,2000059},{2000003,2000003,0,1000004,1000004,2000085,1000060,1000060,0,2000059,2000059},{0,0,0,1000004,1000004,0,1000060,1000060,0,0,0},{0,0,2000254,1000253,1000253,1,1000309,1000309,2000310,0,0},{0,0,0,1000228,1000228,0,1000284,1000284,0,0,0},{2000227,2000227,0,1000228,1000228,2000309,1000284,1000284,0,2000283,2000283},{2000227,2000227,0,1000226,0,2000309,0,1000282,0,2000283,2000283},{0,0,0,2000228,2000228,0,2000284,2000284,0,0,0},{0,0,0,1000227,0,0,0,1000283,0,0,0}}




//GOOD STANDALONE LEVELS:

{{1000105,1000102,1000103,0,1000101,0,0},{2001004,2001004,1000107,0,2001011,0,2001007},{0,2001010,2001010,2001003,0,0,2001007},{2001002,0,0,0,0,0,0},{2001002,0,1000109,1000104,0,2001001,2001001},{2001006,0,0,0,1,1,2001009},{2001005,2001005,1000108,2001008,2001008,1000106,0}};

{{0,2001005,0,2001010,2001010,0,0},{0,0,0,1000103,2001002,0,0},{2001008,1000105,1000105,1000103,1,1,2001001},{2001008,0,0,0,0,0,2001001},{1000106,1000106,2001007,0,2001012,2001009,2001004},{2001006,1000101,1000104,1000104,0,2001009,2001004},{2001003,2001003,0,1000102,0,0,2001011}};

{{0,0,0,0,2001010,2001010,0},{0,0,0,0,0,2001003,0},{2001004,2001004,0,0,0,1,0},{1000101,0,1000104,2001001,1000107,1,2001007},{1000101,0,0,2001008,0,0,2001009},{1000102,1000102,1000103,1000105,1000106,0,2001009},{0,0,2001005,2001006,2001002,2001002,0}};

{{0,0,2001004,2001004,2001008,0,2001010},{2001009,0,2001013,0,0,1000102,2001006},{0,1000105,1,0,0,1000102,2001005},{0,2001007,1,1000103,0,0,2001005},{0,0,0,1000104,0,0,0},{0,2001003,2001002,2001001,2001012,2001012,1000101},{2001011,2001003,2001002,2001001,0,0,1000101}};

{{0,0,2001004,0,0,0,0,2001012,2001012,1000108,0},{0,0,2001004,0,0,0,0,2001012,2001012,0,0},{0,2001013,2001013,0,0,0,2001006,2001006,2001010,0,1000103},{0,0,0,0,0,0,0,0,2001003,0,1000103},{0,2001005,2001005,0,0,1000105,1000105,1000106,1,2001007,0},{0,2001005,2001005,0,2001011,2001011,0,1000106,1,2001009,0},{0,0,0,0,0,0,0,1000102,0,2001009,0},{1000101,0,1000107,0,2001014,2001001,2001001,0,0,0,1000104},{1000101,0,0,2001008,0,2001001,2001001,2001002,2001002,0,0}};

//little good mechanic:

{{0,2001009,0,2001011,2001008,0,2001012},{2001010,0,0,1000103,2001008,2001013,2001012},{2001010,1000102,0,0,0,2001013,2001005},{2001002,0,1000104,0,1000101,0,2001001},{2001004,0,1000104,1000105,1000101,0,0},{2001004,1,1,1000105,0,2001003,2001003},{0,2001007,0,2001006,0,0,0}};

{{0,0,0,0,2001010,1000102,2001002},{0,0,0,0,0,1000102,0},{0,0,2001008,2001008,1000105,0,0},{2001003,1000106,0,1000101,1000101,0,2001005},{2001003,1000106,0,0,0,1000103,2001004},{0,2001006,0,1,0,1000104,2001004},{0,2001006,2001007,2001007,2001009,0,2001001}};

{{0,0,2001004,2001004,2001008,0,2001010},{2001009,0,2001013,0,0,1000102,2001006},{0,1000105,1,0,0,1000102,2001005},{0,2001007,1,1000103,0,0,2001005},{0,0,0,1000104,0,0,0},{0,2001003,2001002,2001001,2001012,2001012,1000101},{2001011,2001003,2001002,2001001,0,0,1000101}};

{{0,2001004,2001004,0,2001009,2001009,0},{0,1000102,2001007,0,2001008,2001008,2001011},{0,0,0,0,0,1,2001011},{0,1000103,2001001,1000107,1000107,1,0},{0,1000101,0,1000104,1000106,0,2001010},{2001005,1000105,0,1000104,1000106,0,2001010},{2001002,2001003,2001003,0,2001006,2001006,0}};

{{0,0,0,0,2001010,1000102,2001002},{0,0,0,0,0,1000102,0},{0,0,2001008,2001008,1000105,0,0},{2001003,1000106,0,1000101,1000101,0,2001005},{2001003,1000106,0,0,0,1000103,2001004},{0,2001006,0,1,0,1000104,2001004},{0,2001006,2001007,2001007,2001009,0,2001001}};

{{2001004,0,2001001,2001001,0,0,0},{2001004,0,1000103,1000102,1000102,0,2001006},{2001005,0,1000103,0,1,1,2001006},{2001005,0,0,0,2001008,1000101,1000106},{0,1000104,1000105,1000105,2001008,1000101,2001007},{0,1000104,0,2001003,0,0,2001007},{0,2001002,0,2001003,0,0,0}};

{{1000105,2001010,2001004,2001004,2001008,0,0},{1000105,0,2001005,0,0,1000108,1000108},{2001006,1000104,2001005,1000107,1000109,1000109,0},{2001003,1000104,0,1000107,1000106,1000106,2001009},{2001003,0,0,0,0,0,2001002},{2001007,2001007,1000101,1,1000102,1000102,2001002},{0,1000103,2001011,2001011,0,2001001,0}};

{{0,0,0,2001008,2001008,0,1000101},{0,2001004,1,1,0,0,2001007},{0,2001004,0,1000105,0,0,2001007},{0,0,0,0,2001003,0,0},{0,1000102,0,2001001,0,2001006,0},{1000104,1000102,0,0,0,2001009,2001002},{1000104,0,0,0,1000103,2001005,0}};

{{1000106,0,1000102,0,0,1000103},{2001005,2001001,1000102,2001008,0,2001007},{0,0,0,1000104,1000104,2001007},{2001004,0,1000105,1,1,2001009},{2001004,0,1000101,0,0,2001009},{0,0,2001002,2001006,2001003,2001003}};

{{2001010,0,0,0,0,2001003,2001003,0,0,0,0},{2001006,1000102,2001002,2001002,0,2001003,2001003,0,0,0,0},{2001006,1000102,0,0,0,0,0,0,0,0,0},{0,1000103,0,1000106,1000106,1000101,0,2001007,0,1000107,0},{2001012,1000103,0,0,1000104,1000105,0,2001007,0,1000107,2001001},{2001012,0,1,1,1000104,0,0,0,0,0,2001001},{1000108,1000108,1,1,0,0,0,0,2001011,0,1000110},{1000108,1000108,2001009,2001009,0,0,1000109,2001004,2001005,2001005,1000110},{2001008,2001008,2001009,2001009,0,0,0,2001004,2001005,2001005,0}};

{{0,0,0,0,2001001,0,0,0},{0,0,2001009,2001009,2001001,0,2001004,2001004},{1000106,1000106,0,0,0,0,0,0},{2001011,2001011,1,1,1000105,1000105,2001010,0},{2001011,2001011,1,1,0,1000104,2001010,1000101},{0,0,1000103,1000103,0,0,0,0},{0,0,0,0,0,1000108,1000108,0},{0,2001002,2001002,0,2001003,0,1000107,1000107},{2001005,2001002,2001002,2001008,2001003,0,0,0},{0,0,0,2001008,2001006,2001006,0,2001007},{1000102,0,0,0,0,0,0,2001007}};

{{0,2001005,2001005,0,0,2001009,0,0,0,0},{0,2001005,2001005,2001004,0,0,0,0,0,2001013},{0,2001002,0,2001004,0,1000108,0,0,0,2001013},{2001008,0,0,2001014,2001014,0,2001010,2001010,1000107,1000107},{0,2001001,0,2001014,2001014,0,0,0,0,0},{0,0,0,0,0,0,0,0,0,0},{2001012,2001012,0,1,1,0,2001003,0,1000105,0},{2001012,2001012,1000101,1,1,0,2001003,0,0,0},{1000103,1000103,1000109,0,1000106,0,2001011,0,0,0},{0,0,0,1000104,0,0,2001011,0,0,0},{0,0,0,2001007,2001007,0,2001006,1000102,0,0}};

{{2001009,2001009,1000110,1000110,0,0,0},{2001009,2001009,2001007,2001012,2001012,1000108,1000108},{2001011,2001011,1,0,0,2001004,0},{2001011,2001011,1000106,1000106,0,2001008,2001008},{2001006,2001006,1000104,0,0,2001002,0},{2001006,2001006,1000101,2001010,2001010,2001002,0},{1000103,0,0,2001010,2001010,0,0},{1000103,0,0,0,1000105,1000102,2001003},{0,2001005,0,0,1000109,1000109,2001003},{0,1000107,2001001,0,1000109,1000109,0}};

{{0,1000101,0,2001010,2001010,0,0,0,0,0,0},{2001004,2001004,0,2001010,2001010,0,0,0,0,2001003,0},{0,1000109,1000109,1000103,0,1000110,1000110,0,0,2001003,0},{2001002,2001002,0,1000103,1000102,1000110,1000110,0,0,0,0},{2001002,2001002,1,1,0,0,2001007,2001007,0,0,0},{1000108,1000108,1,1,1000106,0,0,0,0,2001001,0},{1000108,1000108,1000104,2001011,2001006,2001006,0,0,0,2001009,2001009},{2001008,0,0,2001011,0,0,1000107,2001005,2001005,2001009,2001009},{2001008,0,1000105,0,0,0,1000107,2001005,2001005,0,0}};

{{0,0,0,0,0,1000107,0,0,0},{2001011,2001004,2001004,0,2001005,0,0,0,0},{0,0,0,2001013,2001013,2001014,2001014,0,0},{0,0,1000108,0,1000103,0,2001010,1000104,0},{0,2001009,2001009,1,1,0,0,1000104,2001007},{0,2001009,2001009,1,1,0,1000110,0,2001007},{1000109,2001002,1000102,1000102,1000106,0,1000110,0,0},{1000109,2001001,0,0,0,0,1000101,2001012,2001012},{0,2001001,0,0,1000105,1000105,0,2001012,2001012},{0,2001006,0,0,0,2001003,0,0,0},{2001008,2001008,0,0,0,2001003,0,0,0}};

{{0,1000109,0,2001001,2001001,2001009,2001009,0},{2001002,0,0,0,2001013,2001013,0,0},{0,2001008,2001008,0,0,0,0,2001007},{0,2001008,2001008,1000110,0,1000105,0,2001007},{2001012,0,0,1,1,1000102,2001005,2001005},{2001012,0,0,1,1,1000107,2001005,2001005},{2001003,0,0,1000106,1000106,1000104,1000103,0},{2001003,2001010,2001014,2001014,0,0,2001011,2001011},{2001004,0,2001014,2001014,0,0,1000101,0},{0,0,0,1000108,1000108,0,1000101,2001006}};

{{0,0,2001007,2001007,0,1000102,1000102,2001009,2001009,0,0},{0,0,2001007,2001007,1000105,0,0,2001009,2001009,0,0},{0,0,0,0,0,2001011,2001011,0,0,0,0},{0,2001006,0,0,0,0,0,0,2001003,2001003,0},{0,2001004,0,0,0,0,0,0,0,0,0},{2001008,0,0,0,1000101,1000101,1000104,0,0,0,0},{2001001,0,0,0,1,1,1000104,0,0,2001002,0},{0,2001010,2001010,0,1,1,2001005,0,2001012,2001012,0},{0,0,0,0,2001013,2001013,2001005,0,2001012,2001012,1000103}};

{{0,0,0,0,0,0,0,1000102,0},{1000104,0,2001008,2001010,0,2001009,0,2001002,2001002},{0,0,2001008,1,1,2001009,0,2001002,2001002},{2001004,0,0,1000107,1000107,2001001,0,2001005,2001005},{2001004,0,0,0,0,0,0,2001005,2001005},{0,0,2001003,2001003,0,0,0,1000105,0},{0,0,2001003,2001003,1000103,1000103,2001011,1000105,0},{0,1000106,2001007,0,0,0,2001011,0,1000101},{0,1000106,2001007,0,0,2001006,0,2001012,2001012}};

{{0,2001012,2001012,0,0,2001011,2001011,0,1000106,1000106},{0,2001012,2001012,0,0,2001011,2001011,0,0,0},{0,1,0,2001003,1000102,1000105,0,0,0,0},{2001005,1,0,0,1000102,0,0,0,2001013,0},{2001005,0,0,1000104,0,2001009,2001009,0,2001013,0},{2001007,2001007,0,1000103,0,2001009,2001009,2001002,0,1000101},{0,2001001,0,1000103,0,0,0,2001002,0,0},{0,2001001,2001006,0,2001008,2001008,0,0,2001004,2001004},{0,0,0,2001010,2001008,2001008,0,0,0,0}};

{{0,1000108,0,0,1000104,1000104,0,0,0,0},{0,0,0,0,2001009,0,2001002,0,0,0},{0,0,0,0,2001009,0,0,2001004,0,0},{1000102,1000102,2001001,0,1000101,0,0,1,1,2001006},{0,1000106,2001001,0,1000103,1000103,1000105,0,0,2001006},{0,1000106,0,0,0,0,1000105,0,2001005,2001005},{0,0,1000109,0,0,2001007,2001007,0,2001005,2001005},{0,0,1000109,2001003,2001003,2001007,2001007,0,0,1000107},{0,0,0,2001008,0,0,0,0,0,1000107}};

{{0,2001009,2001009,0,2001014,2001014,0,0,0,0},{0,2001009,2001009,0,1000106,0,0,2001005,0,2001006},{0,0,0,0,1000106,1,1,0,0,1000103},{0,1000102,1000102,1000107,1000107,1,1,1000104,2001007,1000103},{1000101,1000101,2001001,2001001,0,0,0,0,0,0},{0,2001013,0,0,1000105,0,0,2001002,2001011,2001011},{0,2001013,2001010,2001010,0,2001008,2001008,0,0,0},{0,2001003,0,0,0,0,2001012,0,2001004,0},{0,0,0,0,0,0,2001012,0,2001004,0}};

{{1000110,1000110,0,0,2001002,0,0,0,0,0,0},{1000110,1000110,0,0,2001002,0,0,2001006,2001006,0,0},{2001003,2001003,2001009,0,0,0,2001001,2001001,0,0,0},{2001003,2001003,2001009,0,0,0,1,1,0,2001005,2001005},{0,0,2001008,1000102,0,1000107,1000107,1000109,1000109,2001005,2001005},{0,0,2001008,0,0,1000107,1000107,1000109,1000109,1000105,1000105},{1000108,0,0,2001007,2001007,2001010,2001010,0,0,1000105,1000105},{1000108,1000104,1000104,2001007,2001007,2001010,2001010,0,2001012,2001012,0},{1000106,1000104,1000104,2001004,0,0,0,0,0,1000101,0},{2001011,0,0,2001004,1000103,1000103,0,0,0,1000101,0}};

{{0,0,0,2001009,2001010,2001010,1000105,1000105},{0,0,0,0,1,0,2001005,2001005},{0,2001007,2001007,0,1,0,2001005,2001005},{1000103,2001007,2001007,0,1000106,0,0,0},{2001011,0,2001002,2001002,1000106,1000101,2001006,2001006},{2001011,0,2001002,2001002,0,0,2001006,2001006},{0,2001003,2001003,0,0,0,0,0},{0,0,0,0,2001008,1000102,0,0},{0,0,1000104,0,0,0,0,0},{0,0,0,0,2001001,2001004,2001004,0}};
//NEW GEN





//21 big: 21
{{0,0,0,2001009,2001010,2001010,1000105,1000105},{0,0,0,0,1,0,2001005,2001005},{0,2001007,2001007,0,1,0,2001005,2001005},{1000103,2001007,2001007,0,1000106,0,0,0},{2001011,0,2001002,2001002,1000106,1000101,2001006,2001006},{2001011,0,2001002,2001002,0,0,2001006,2001006},{0,2001003,2001003,0,0,0,0,0},{0,0,0,0,2001008,1000102,0,0},{0,0,1000104,0,0,0,0,0},{0,0,0,0,2001001,2001004,2001004,0}};

//21 big: 21
{{0,0,0,2001009,2001010,2001010,1000105,1000105},{0,0,0,0,1,0,2001005,2001005},{0,2001007,2001007,0,1,0,2001005,2001005},{1000103,2001007,2001007,0,1000106,0,0,0},{2001011,0,2001002,2001002,1000106,1000101,2001006,2001006},{2001011,0,2001002,2001002,0,0,2001006,2001006},{0,2001003,2001003,0,0,0,0,0},{0,0,0,0,2001008,1000102,0,0},{0,0,1000104,0,0,0,0,0},{0,0,0,0,2001001,2001004,2001004,0}};

//21 big: 21
{{0,0,2001004,0,0,0,0,2001012,2001012,1000108,0},{0,0,2001004,0,0,0,0,2001012,2001012,0,0},{0,2001013,2001013,0,0,0,2001006,2001006,2001010,0,1000103},{0,0,0,0,0,0,0,0,2001003,0,1000103},{0,2001005,2001005,0,0,1000105,1000105,1000106,1,2001007,0},{0,2001005,2001005,0,2001011,2001011,0,1000106,1,2001009,0},{0,0,0,0,0,0,0,1000102,0,2001009,0},{1000101,0,1000107,0,2001014,2001001,2001001,0,0,0,1000104},{1000101,0,0,2001008,0,2001001,2001001,2001002,2001002,0,0}};

//21 big: 21
{{0,0,0,2001009,2001010,2001010,1000105,1000105},{0,0,0,0,1,0,2001005,2001005},{0,2001007,2001007,0,1,0,2001005,2001005},{1000103,2001007,2001007,0,1000106,0,0,0},{2001011,0,2001002,2001002,1000106,1000101,2001006,2001006},{2001011,0,2001002,2001002,0,0,2001006,2001006},{0,2001003,2001003,0,0,0,0,0},{0,0,0,0,2001008,1000102,0,0},{0,0,1000104,0,0,0,0,0},{0,0,0,0,2001001,2001004,2001004,0}};

//21 big: 21
{{0,0,2001004,0,0,0,0,2001012,2001012,1000108,0},{0,0,2001004,0,0,0,0,2001012,2001012,0,0},{0,2001013,2001013,0,0,0,2001006,2001006,2001010,0,1000103},{0,0,0,0,0,0,0,0,2001003,0,1000103},{0,2001005,2001005,0,0,1000105,1000105,1000106,1,2001007,0},{0,2001005,2001005,0,2001011,2001011,0,1000106,1,2001009,0},{0,0,0,0,0,0,0,1000102,0,2001009,0},{1000101,0,1000107,0,2001014,2001001,2001001,0,0,0,1000104},{1000101,0,0,2001008,0,2001001,2001001,2001002,2001002,0,0}};

//21 big: 21
{{0,0,2001004,0,0,0,0,2001012,2001012,1000108,0},{0,0,2001004,0,0,0,0,2001012,2001012,0,0},{0,2001013,2001013,0,0,0,2001006,2001006,2001010,0,1000103},{0,0,0,0,0,0,0,0,2001003,0,1000103},{0,2001005,2001005,0,0,1000105,1000105,1000106,1,2001007,0},{0,2001005,2001005,0,2001011,2001011,0,1000106,1,2001009,0},{0,0,0,0,0,0,0,1000102,0,2001009,0},{1000101,0,1000107,0,2001014,2001001,2001001,0,0,0,1000104},{1000101,0,0,2001008,0,2001001,2001001,2001002,2001002,0,0}};

//21 big: 21
{{0,0,0,2001009,2001010,2001010,1000105,1000105},{0,0,0,0,1,0,2001005,2001005},{0,2001007,2001007,0,1,0,2001005,2001005},{1000103,2001007,2001007,0,1000106,0,0,0},{2001011,0,2001002,2001002,1000106,1000101,2001006,2001006},{2001011,0,2001002,2001002,0,0,2001006,2001006},{0,2001003,2001003,0,0,0,0,0},{0,0,0,0,2001008,1000102,0,0},{0,0,1000104,0,0,0,0,0},{0,0,0,0,2001001,2001004,2001004,0}};

//21 big: 21
{{0,0,0,2001009,2001010,2001010,1000105,1000105},{0,0,0,0,1,0,2001005,2001005},{0,2001007,2001007,0,1,0,2001005,2001005},{1000103,2001007,2001007,0,1000106,0,0,0},{2001011,0,2001002,2001002,1000106,1000101,2001006,2001006},{2001011,0,2001002,2001002,0,0,2001006,2001006},{0,2001003,2001003,0,0,0,0,0},{0,0,0,0,2001008,1000102,0,0},{0,0,1000104,0,0,0,0,0},{0,0,0,0,2001001,2001004,2001004,0}};

//21 big: 21
{{0,0,0,2001009,2001010,2001010,1000105,1000105},{0,0,0,0,1,0,2001005,2001005},{0,2001007,2001007,0,1,0,2001005,2001005},{1000103,2001007,2001007,0,1000106,0,0,0},{2001011,0,2001002,2001002,1000106,1000101,2001006,2001006},{2001011,0,2001002,2001002,0,0,2001006,2001006},{0,2001003,2001003,0,0,0,0,0},{0,0,0,0,2001008,1000102,0,0},{0,0,1000104,0,0,0,0,0},{0,0,0,0,2001001,2001004,2001004,0}};

{{0,2001001,2001001,0,0,0,2001007,0,0,2001006,2001006},{0,2001001,2001001,0,2001004,2001004,2001007,0,0,2001006,2001006},{0,0,0,1000105,1000105,0,0,2001002,0,0,0},{2001005,0,0,1,1,0,0,0,2001009,0,0},{2001005,1000106,1000102,1,1,1000104,0,0,2001009,0,0},{0,0,1000102,0,0,1000104,0,0,0,0,0},{0,0,1000101,1000101,0,0,0,0,0,0,0},{0,0,1000101,1000101,2001008,2001008,0,0,1000107,0,0},{0,0,0,1000108,1000108,0,0,0,2001013,2001010,0},{0,0,0,0,2001012,2001012,0,0,2001011,0,0},{2001003,2001003,0,0,0,1000103,1000103,0,2001011,0,0}};

//Very nice joint symmetry generation
{{2001002,2001002,0,2001005,2001005,1000101,1000101,1000101,2001005,2001005,0,2001002,2001002},{0,1000102,0,1000105,0,2001003,0,2001003,0,1000105,0,1000102,0},{0,0,2001006,1000103,0,0,0,0,0,1000103,2001006,0,0},{0,0,2001006,1000103,0,0,0,0,0,1000103,2001006,0,0},{0,1000104,1000104,0,0,1000106,1000106,1000106,0,0,1000104,1000104,0},{2001004,1000104,1000104,0,0,0,0,0,0,0,1000104,1000104,2001004},{2001004,0,0,2001001,0,0,1,0,0,2001001,0,0,2001004},{2001004,1000104,1000104,0,0,0,0,0,0,0,1000104,1000104,2001004},{0,1000104,1000104,0,0,1000106,1000106,1000106,0,0,1000104,1000104,0},{0,0,2001006,1000103,0,0,0,0,0,1000103,2001006,0,0},{0,0,2001006,1000103,0,0,0,0,0,1000103,2001006,0,0},{0,1000102,0,1000105,0,2001003,0,2001003,0,1000105,0,1000102,0},{2001002,2001002,0,2001005,2001005,1000101,1000101,1000101,2001005,2001005,0,2001002,2001002}};

//Another nice joint symmetry level
{{0,0,0,2001005,2001005,0,0,0,2001005,2001005,0,0,0},{1000101,2001002,2001001,2001001,0,2001006,2001006,2001006,0,2001001,2001001,2001002,1000101},{1000101,1000104,2001001,2001001,0,2001006,2001006,2001006,0,2001001,2001001,1000104,1000101},{0,1000104,0,0,0,0,0,0,0,0,0,1000104,0},{1000105,1000105,0,0,0,0,1000103,0,0,0,0,1000105,1000105},{1000105,1000105,0,2001003,2001004,2001004,0,2001004,2001004,2001003,0,1000105,1000105},{1000102,1000102,0,0,2001004,2001004,1,2001004,2001004,0,0,1000102,1000102},{1000105,1000105,0,2001003,2001004,2001004,0,2001004,2001004,2001003,0,1000105,1000105},{1000105,1000105,0,0,0,0,1000103,0,0,0,0,1000105,1000105},{0,1000104,0,0,0,0,0,0,0,0,0,1000104,0},{1000101,1000104,2001001,2001001,0,2001006,2001006,2001006,0,2001001,2001001,1000104,1000101},{1000101,2001002,2001001,2001001,0,2001006,2001006,2001006,0,2001001,2001001,2001002,1000101},{0,0,0,2001005,2001005,0,0,0,2001005,2001005,0,0,0}};

//stopid
{{1000103,1000103,2001001,0,1000044,1000022,1000022,1000022,2001023,1000125,1000125},{0,1000102,1000101,0,1000044,1000126,1000022,1000022,1000123,1000124,1000022},{2001005,1000102,0,0,1000044,1000126,1000022,1000022,1000022,1000124,2001027},{0,0,0,2001003,1000044,1000022,1000022,2001025,1000022,1000022,1000022},{1000022,1000022,2001026,1000022,1000110,1000110,1000088,1000044,2001048,1000044,1000044},{1000011,2001013,2001013,2001017,1000088,1000067,1000055,2001050,2001046,2001046,1000044},{1000011,1000011,2001015,1000011,1000099,1000077,1000077,1000033,2001037,1000033,1000033},{1000011,1000011,1000011,2001014,1000055,1000055,1000033,2001036,1000033,1000033,1000033},{2001016,1000113,1000011,1000011,1000055,1000159,1000033,1000033,1000033,1000135,2001038},{1000011,1000113,1000112,1000011,1000055,1000159,1000033,1000033,1000134,1000135,1000033},{1000114,1000114,2001012,1000011,1000055,1000055,1000033,1000033,2001034,1000136,1000136}};

//weird connection problem
{{2001004,2001004,0,2001051,2001027,2001027,0,2001028,2001028},{0,2001006,1000105,2001049,0,2001025,1000129,2001030,0},{1000104,2001005,1000105,2001049,1000125,2001025,1000129,2001029,1000128},{1000127,2001029,0,1000222,0,1000198,0,2001053,1000151},{0,2001014,2001014,1000198,1,1000162,2001050,2001050,0},{1000115,2001017,0,1000210,0,1000186,0,2001041,1000139},{1000116,2001017,1000117,2001061,1000161,2001037,1000141,2001041,1000140},{0,2001018,1000117,2001061,0,2001037,1000141,2001042,0},{2001016,2001016,0,2001063,2001063,2001039,0,2001040,2001040}};

//3-block puzzle cool!!
{{1000101,0,2001001,2001079,2001053,0,1000153},{0,0,0,0,0,0,0},{2001002,1000103,1000102,1000180,1000154,1000155,2001054},{2001236,2001237,0,1,0,2001289,2001288},{2001210,1000311,1000310,1000388,1000362,1000363,2001262},{0,0,0,0,0,0,0},{1000309,0,2001209,2001287,2001261,0,1000361}};


//easy but beautiful level
ddd l1006={{1000102,1000101,1000101,2001001,2001001,0,2001067,2001067,1000167,1000167,1000168},{1000110,1000101,1000101,2001001,2001001,2001101,2001067,2001067,1000167,1000167,1000176},{1000110,1000109,1000109,1000104,1000105,1000204,1000171,1000170,1000175,1000175,1000176},{0,0,0,1000107,0,0,0,1000173,0,0,0},{0,2001003,2001003,1000108,1000106,1000202,1000172,1000174,2001069,2001069,0},{0,2001300,2001300,0,1000403,1,1000469,0,2001366,2001366,0},{0,2001267,2001267,1000372,1000370,1000466,1000436,1000438,2001333,2001333,0},{0,0,0,1000371,0,0,0,1000437,0,0,0},{1000374,1000373,1000373,1000368,1000369,1000468,1000435,1000434,1000439,1000439,1000440},{1000374,1000365,1000365,2001265,2001265,2001365,2001331,2001331,1000431,1000431,1000440},{1000366,1000365,1000365,2001265,2001265,0,2001331,2001331,1000431,1000431,1000432}};

//very cool mechanic
{{2001005,2001005,2001009,2001010,0,1000218,0,2001088,2001087,2001083,2001083},{2001005,2001005,1000104,0,2001012,0,2001090,0,1000182,2001083,2001083},{1000103,2001002,1000104,0,1000102,1000224,1000180,0,1000182,2001080,1000181},{2001007,2001002,2001006,0,2001011,2001128,2001089,0,2001084,2001080,2001085},{2001003,2001001,2001006,0,2001004,0,2001082,0,2001084,2001079,2001081},{2001359,1000457,1000456,0,0,1,0,0,1000534,1000535,2001437},{2001315,2001313,2001318,0,2001316,0,2001394,0,2001396,2001391,2001393},{2001319,2001314,2001318,0,2001323,2001440,2001401,0,2001396,2001392,2001397},{1000415,2001314,1000416,0,1000414,1000536,1000492,0,1000494,2001392,1000493},{2001317,2001317,1000416,0,2001324,0,2001402,0,1000494,2001395,2001395},{2001317,2001317,2001321,2001322,0,1000530,0,2001400,2001399,2001395,2001395}};

//easy, but might not easily find it.
ddd l1010={{1000104,1000104,0,0,2001005,2001110,2001075,0,0,1000174,1000174},{1000108,1000101,2001001,2001001,2001002,2001107,2001072,2001071,2001071,1000171,1000178},{1000108,1000103,1000105,1000109,1000109,1000211,1000179,1000179,1000175,1000173,1000178},{0,1000110,1000110,1000102,0,0,0,1000172,1000180,1000180,0},{2001003,0,0,1000102,2001004,0,2001074,1000172,0,0,2001073},{2001318,0,1000422,1000422,2001319,1,2001389,1000492,1000492,0,2001388},{2001283,0,0,1000382,2001284,0,2001354,1000452,0,0,2001353},{0,1000390,1000390,1000382,0,0,0,1000452,1000460,1000460,0},{1000388,1000383,1000385,1000389,1000389,1000491,1000459,1000459,1000455,1000453,1000458},{1000388,1000381,2001281,2001281,2001282,2001387,2001352,2001351,2001351,1000451,1000458},{1000384,1000384,0,0,2001285,2001390,2001355,0,0,1000454,1000454}};



//15 big: 15
ddd l1013={{1000104,1000104,0,0,0,0,0,1000158,1000158},{1000103,0,0,2001003,0,2001057,0,0,1000157},{0,0,1000102,1000102,0,1000156,1000156,0,0},{2001001,0,1000101,0,2001083,0,1000155,0,2001055},{2001244,0,1000344,0,1,0,1000398,0,2001298},{2001217,0,1000317,0,2001299,0,1000371,0,2001271},{0,0,1000318,1000318,0,1000372,1000372,0,0},{1000319,0,0,2001219,0,2001273,0,0,1000373},{1000320,1000320,0,0,0,0,0,1000374,1000374}};

//15 big: 15
ddd l1014={{2001002,0,0,2001007,2001094,2001065,0,0,2001060},{2001008,2001008,2001003,2001001,2001088,2001059,2001061,2001066,2001066},{0,0,0,0,0,0,0,0,0},{0,2001005,2001004,1000101,1000188,1000159,2001062,2001063,0},{2001267,2001267,2001265,0,1,0,2001323,2001325,2001325},{0,2001237,2001236,1000333,1000420,1000391,2001294,2001295,0},{0,0,0,0,0,0,0,0,0},{2001240,2001240,2001235,2001233,2001320,2001291,2001293,2001298,2001298},{2001234,0,0,2001239,2001326,2001297,0,0,2001292}};

//16 big: 16
ddd l1015={{2001003,2001003,2001001,0,0,0,2001055,2001057,2001057},{0,0,0,2001002,2001083,2001056,0,0,0},{0,0,0,2001002,2001083,2001056,0,0,0},{2001004,1000102,0,1000103,0,1000157,0,1000156,2001058},{2001247,1000345,0,1000344,1,1000398,0,1000399,2001301},{2001220,1000318,0,1000319,0,1000373,0,1000372,2001274},{0,0,0,2001218,2001299,2001272,0,0,0},{0,0,0,2001218,2001299,2001272,0,0,0},{2001219,2001219,2001217,0,0,0,2001271,2001273,2001273}};

//17 big: 17
ddd l1016={{1000101,0,1000103,2001001,2001088,2001059,1000161,0,1000159},{2001003,2001003,0,0,0,0,0,2001061,2001061},{2001005,2001005,1000104,1000104,1000189,1000162,1000162,2001063,2001063},{2001005,2001005,2001004,0,1000189,0,2001062,2001063,2001063},{2001263,0,2001265,0,1,0,2001323,0,2001321},{2001237,2001237,2001236,0,1000421,0,2001294,2001295,2001295},{2001237,2001237,1000336,1000336,1000421,1000394,1000394,2001295,2001295},{2001235,2001235,0,0,0,0,0,2001293,2001293},{1000333,0,1000335,2001233,2001320,2001291,1000393,0,1000391}};

//unintuitive!!
ddd l1017={{0,2001001,2001002,2001003,2001087,2001059,2001058,2001057,0},{0,2001001,2001002,2001004,0,2001060,2001058,2001057,0},{0,0,0,2001004,0,2001060,0,0,0},{2001005,0,1000101,1000101,1000186,1000157,1000157,0,2001061},{2001257,0,0,1000355,1,1000411,0,0,2001313},{2001229,0,1000325,1000325,1000410,1000381,1000381,0,2001285},{0,0,0,2001228,0,2001284,0,0,0},{0,2001225,2001226,2001228,0,2001284,2001282,2001281,0},{0,2001225,2001226,2001227,2001311,2001283,2001282,2001281,0}};

//meh
ddd l1018={{2001001,2001005,0,2001002,2001089,2001060,0,2001063,2001059},{0,2001005,0,0,0,0,0,2001063,0},{2001003,2001003,2001004,0,1000188,0,2001062,2001061,2001061},{0,0,2001004,1000103,1000188,1000161,2001062,0,0},{2001267,2001267,0,1000363,1,1000421,0,2001325,2001325},{0,0,2001236,1000335,1000420,1000393,2001294,0,0},{2001235,2001235,2001236,0,1000420,0,2001294,2001293,2001293},{0,2001237,0,0,0,0,0,2001295,0},{2001233,2001237,0,2001234,2001321,2001292,0,2001295,2001291}};

//yet another meh.
ddd l1019={{0,0,1000102,2001004,2001091,2001062,1000160,0,0},{0,1000101,1000102,0,0,0,1000160,1000159,0},{2001005,1000101,0,0,1000190,0,0,1000159,2001063},{0,2001003,1000104,1000104,1000190,1000162,1000162,2001061,0},{2001263,2001263,2001262,0,1,0,2001320,2001321,2001321},{0,2001235,1000336,1000336,1000422,1000394,1000394,2001293,0},{2001237,1000333,0,0,1000422,0,0,1000391,2001295},{0,1000333,1000334,0,0,0,1000392,1000391,0},{0,0,1000334,2001236,2001323,2001294,1000392,0,0}};

//21 big: 21
ddd l1022={{0,2001005,2001005,2001007,1000188,2001065,2001063,2001063,0},{0,2001003,0,2001007,0,2001065,0,2001061,0},{2001002,2001006,0,1000102,1000189,1000160,0,2001064,2001060},{0,2001006,0,2001004,2001091,2001062,0,2001064,0},{0,2001262,0,0,1,0,0,2001320,0},{0,2001238,0,2001236,2001323,2001294,0,2001296,0},{2001234,2001238,0,1000334,1000421,1000392,0,2001296,2001292},{0,2001235,0,2001239,0,2001297,0,2001293,0},{0,2001237,2001237,2001239,1000420,2001297,2001295,2001295,0}};

//extremely cool
ddd l1023={{0,2001005,2001004,0,0,0,2001064,2001065,0},{1000102,2001005,2001003,2001003,0,2001063,2001063,2001065,1000162},{1000102,0,1000101,0,2001092,0,1000161,0,1000162},{2001001,1000105,1000103,1000103,1000194,1000163,1000163,1000165,2001061},{2001271,0,0,0,1,0,0,0,2001331},{2001241,1000345,1000343,1000343,1000434,1000403,1000403,1000405,2001301},{1000342,0,1000341,0,2001332,0,1000401,0,1000402},{1000342,2001245,2001243,2001243,0,2001303,2001303,2001305,1000402},{0,2001245,2001244,0,0,0,2001304,2001305,0}};

//quite nice
ddd l1029={{0,0,0,2001008,0,0,0,2001070,0,0,0},{2001001,2001007,0,2001008,2001006,2001099,2001068,2001070,0,2001069,2001063},{2001002,2001002,0,2001003,2001003,0,2001065,2001065,0,2001064,2001064},{2001002,2001002,0,1000101,0,0,0,1000163,0,2001064,2001064},{0,2001005,0,1000101,0,2001097,0,1000163,0,2001067,0},{0,2001284,0,1000381,1000382,1,1000444,1000443,0,2001346,0},{0,2001253,0,1000349,0,2001345,0,1000411,0,2001315,0},{2001250,2001250,0,1000349,0,0,0,1000411,0,2001312,2001312},{2001250,2001250,0,2001251,2001251,0,2001313,2001313,0,2001312,2001312},{2001249,2001255,0,2001256,2001254,2001347,2001316,2001318,0,2001317,2001311},{0,0,0,2001256,0,0,0,2001318,0,0,0}};

//fooled me 717423 depth: 21 traps: 0 toolong: 324
ddd l1030={{0,0,2001005,2001004,2001001,1000201,2001067,2001070,2001071,0,0},{2001009,0,2001005,2001004,2001006,2001105,2001072,2001070,2001071,0,2001075},{2001010,0,0,1000101,0,2001106,0,1000167,0,0,2001076},{2001008,0,0,1000101,2001002,2001106,2001068,1000167,0,0,2001074},{2001008,0,0,1000103,1000103,0,1000169,1000169,0,0,2001074},{2001300,0,0,1000400,1000400,1,1000466,1000466,0,0,2001366},{2001272,0,0,1000367,1000367,0,1000433,1000433,0,0,2001338},{2001272,0,0,1000365,2001266,2001370,2001332,1000431,0,0,2001338},{2001274,0,0,1000365,0,2001370,0,1000431,0,0,2001340},{2001273,0,2001269,2001268,2001270,2001369,2001336,2001334,2001335,0,2001339},{0,0,2001269,2001268,2001265,1000465,2001331,2001334,2001335,0,0}};


//fooled me sim 767736 depth: 18 traps: 0 toolong: 827
ddd l1032={{1000102,1000106,0,1000103,2001001,2001108,2001069,1000171,0,1000174,1000170},{1000104,1000106,0,0,0,0,0,0,0,1000174,1000172},{1000104,0,2001005,2001005,0,0,0,2001073,2001073,0,1000172},{1000105,1000108,1000108,2001004,1000107,1000209,1000175,2001072,1000176,1000176,1000173},{1000105,2001003,2001002,2001002,1000107,1000209,1000175,2001070,2001070,2001071,1000173},{0,2001309,0,0,1000407,1,1000475,0,0,2001377,0},{1000377,2001275,2001274,2001274,1000379,1000481,1000447,2001342,2001342,2001343,1000445},{1000377,1000380,1000380,2001276,1000379,1000481,1000447,2001344,1000448,1000448,1000445},{1000376,0,2001277,2001277,0,0,0,2001345,2001345,0,1000444},{1000376,1000378,0,0,0,0,0,0,0,1000446,1000444},{1000374,1000378,0,1000375,2001273,2001380,2001341,1000443,0,1000446,1000442}};

//892772 depth: 19 traps: 0 toolong: 1407
ddd l1033={{1000102,2001001,0,0,0,0,0,0,0,2001061,1000162},{0,2001001,2001005,2001005,2001004,0,2001064,2001065,2001065,2001061,0},{1000104,2001006,2001005,2001005,0,0,0,2001065,2001065,2001066,1000164},{0,2001006,0,0,1000101,1000191,1000161,0,0,2001066,0},{2001002,0,0,1000103,1000103,2001093,1000163,1000163,0,0,2001062},{2001272,0,0,1000373,1000373,1,1000433,1000433,0,0,2001332},{2001242,0,0,1000343,1000343,2001333,1000403,1000403,0,0,2001302},{0,2001246,0,0,1000341,1000431,1000401,0,0,2001306,0},{1000344,2001246,2001245,2001245,0,0,0,2001305,2001305,2001306,1000404},{0,2001241,2001245,2001245,2001244,0,2001304,2001305,2001305,2001301,0},{1000342,2001241,0,0,0,0,0,0,0,2001301,1000402}};

//955440 depth: 20 traps: 0 toolong: 2558
ddd l1034={{1000107,1000104,1000104,2001002,2001002,0,2001066,2001066,1000168,1000168,1000171},{0,1000104,1000104,2001002,2001002,2001097,2001066,2001066,1000168,1000168,0},{0,1000101,0,0,0,2001097,0,0,0,1000165,0},{1000106,1000106,2001003,1000105,1000108,1000204,1000172,1000169,2001067,1000170,1000170},{2001004,0,2001003,0,1000108,1000204,1000172,0,2001067,0,2001068},{2001292,1000390,0,0,1000391,1,1000455,0,0,1000454,2001356},{2001260,0,2001259,0,1000364,1000460,1000428,0,2001323,0,2001324},{1000362,1000362,2001259,1000361,1000364,1000460,1000428,1000425,2001323,1000426,1000426},{0,1000357,0,0,0,2001353,0,0,0,1000421,0},{0,1000360,1000360,2001258,2001258,2001353,2001322,2001322,1000424,1000424,0},{1000363,1000360,1000360,2001258,2001258,0,2001322,2001322,1000424,1000424,1000427}};

//1046346 depth: 21 traps: 0 toolong: 2748
ddd l1035={{0,0,0,0,2001001,2001097,2001065,0,0,0,0},{2001005,2001005,1000101,2001007,0,0,0,2001071,1000165,2001069,2001069},{2001005,2001005,0,2001007,1000104,2001099,1000168,2001071,0,2001069,2001069},{2001002,2001006,0,2001004,0,0,0,2001068,0,2001070,2001066},{2001002,0,1000102,1000102,0,0,0,1000166,1000166,0,2001066},{2001296,0,0,1000391,1000391,1,1000455,1000455,0,0,2001360},{2001258,0,1000358,1000358,0,0,0,1000422,1000422,0,2001322},{2001258,2001262,0,2001260,0,0,0,2001324,0,2001326,2001322},{2001261,2001261,0,2001263,1000360,2001355,1000424,2001327,0,2001325,2001325},{2001261,2001261,1000357,2001263,0,0,0,2001327,1000421,2001325,2001325},{0,0,0,0,2001257,2001353,2001321,0,0,0,0}};

//37632 depth: 24 traps: 0 toolong: 3409
ddd l1036={{1000105,1000104,0,2001003,0,0,0,2001069,0,1000170,1000171},{2001005,2001005,0,2001003,2001006,2001105,2001072,2001069,0,2001071,2001071},{0,2001002,0,1000102,0,0,0,1000168,0,2001068,0},{1000101,1000103,1000103,1000102,2001001,0,2001067,1000168,1000169,1000169,1000167},{1000101,0,1000107,1000107,2001001,0,2001067,1000173,1000173,0,1000167},{2001301,2001301,0,1000403,1000403,1,1000469,1000469,0,2001367,2001367},{1000365,0,1000371,1000371,2001265,0,2001331,1000437,1000437,0,1000431},{1000365,1000367,1000367,1000366,2001265,0,2001331,1000432,1000433,1000433,1000431},{0,2001266,0,1000366,0,0,0,1000432,0,2001332,0},{2001269,2001269,0,2001267,2001270,2001369,2001336,2001333,0,2001335,2001335},{1000369,1000368,0,2001267,0,0,0,2001333,0,1000434,1000435}};

//139752 depth: 27 traps: 0 toolong: 4012
ddd l1037={{0,2001009,0,1000107,2001008,2001119,2001082,1000181,0,2001083,0},{2001007,2001009,1000101,1000107,2001008,2001119,2001082,1000181,1000175,2001083,2001081},{2001007,1000105,1000105,0,0,0,0,0,1000179,1000179,2001081},{2001005,0,1000102,2001003,1000104,1000214,1000178,2001077,1000176,0,2001079},{2001001,2001006,2001006,0,0,1000214,0,0,2001080,2001080,2001075},{1000439,2001337,2001343,0,2001335,1,2001409,0,2001417,2001411,1000513},{2001297,2001302,2001302,0,0,1000510,0,0,2001376,2001376,2001371},{2001301,0,1000398,2001299,1000400,1000510,1000474,2001373,1000472,0,2001375},{2001303,1000401,1000401,0,0,0,0,0,1000475,1000475,2001377},{2001303,2001305,1000397,1000403,2001304,2001415,2001378,1000477,1000471,2001379,2001377},{0,2001305,0,1000403,2001304,2001415,2001378,1000477,0,2001379,0}};

//371223 depth: 27 traps: 0 toolong: 6779
ddd l1038={{0,1000103,1000103,0,2001004,2001100,2001068,0,1000167,1000167,0},{0,1000107,2001002,2001002,2001004,2001100,2001068,2001066,2001066,1000171,0},{0,0,2001002,2001002,1000104,1000200,1000168,2001066,2001066,0,0},{2001001,0,0,1000105,0,2001099,0,1000169,0,0,2001065},{2001005,1000101,1000102,1000102,0,2001099,0,1000166,1000166,1000165,2001069},{2001293,0,0,1000394,1000394,1,1000458,1000458,0,0,2001357},{2001261,1000357,1000358,1000358,0,2001355,0,1000422,1000422,1000421,2001325},{2001257,0,0,1000361,0,2001355,0,1000425,0,0,2001321},{0,0,2001258,2001258,1000360,1000456,1000424,2001322,2001322,0,0},{0,1000363,2001258,2001258,2001260,2001356,2001324,2001322,2001322,1000427,0},{0,1000359,1000359,0,2001260,2001356,2001324,0,1000423,1000423,0}};
